1
1  345.853  2.02155
2  314.993  6.2336
3  275.086  3.88515
4  326.598  3.87583
5  317.328  3.87039
6  293.942  3.9277
7  274.611  3.96003
8  320.931  3.90189
9  330.062  3.91358
10  310.622  4.05691
11  320.067  3.93078
12  347.488  3.98025
13  349.701  3.94971
14  378.843  3.9418
15  369.589  3.97495
16  354.453  3.96408
17  348.485  3.94089
18  364.082  3.90987
19  356.198  3.88106
20  373.389  3.94625
21  402.97  3.85747
22  413.744  3.84694
23  387.356  3.84401
24  398.394  3.87586
25  342.488  3.90768
26  372.116  3.87748
27  401.548  3.86873
28  392.147  3.89749
29  390.714  3.87274
30  390.496  3.85031
31  404.218  3.92627
32  364.275  3.86861
33  353.937  3.93536
34  343.755  3.90365
35  381.595  3.88875
36  348.285  3.88648
37  358.233  3.89801
38  344.493  3.84512
39  374.848  3.9311
40  349.121  3.90055
41  349.64  3.8773
42  345.536  3.88382
43  364.544  3.87862
44  357.681  3.88149
45  366.637  3.82206
46  365.511  3.83091
47  362.114  3.82164
48  392.306  3.89175
49  358.59  3.86104
50  382.928  3.93699
51  361.695  3.86627
52  401.547  3.83677
53  395.724  3.8707
54  402.527  3.90402
55  352.81  3.80939
56  395.847  3.82208
57  399.674  3.84536
58  350.358  3.80165
59  387.729  3.80927
60  379.403  3.86065
61  371.795  3.88086
62  372.651  3.86293
63  395.041  3.90584
64  359.122  3.90473
65  247.916  2.42122
66  247.749  5.81474
67  234.382  4.00081
68  271.127  3.85588
69  245.426  3.91194
70  269.564  3.87562
71  268.275  3.8269
72  258.626  3.83764
73  252.152  3.92381
74  269.944  3.87797
75  281.586  3.86935
76  258.636  3.79438
77  267.171  3.83959
78  282.162  3.85952
79  232.149  3.80489
80  278.061  3.86156
81  268.913  3.85518
82  268.492  3.81853
83  258.912  3.84465
84  263.827  3.87362
85  254.017  3.86296
86  310.46  3.85727
87  243.437  3.86881
88  255.74  3.8936
89  268.848  3.93786
90  294.883  3.85067
91  278.724  3.93998
92  265.333  3.80288
93  300.222  3.88242
94  249.401  3.92498
95  277.211  3.84782
96  299.032  3.8899
97  254.855  3.90557
98  240.526  3.91036
99  265.587  3.87823
100  267.464  3.93557
101  261.553  3.92083
102  271.913  3.88775
103  262.971  3.8541
104  259.556  3.89966
105  254.635  3.8792
106  224.293  3.81661
107  296.444  3.85939
108  302.654  3.84927
109  284.431  3.87431
110  310.904  3.84304
111  317.51  3.81959
112  261.974  3.91915
113  277.147  3.89821
114  292.336  3.85131
115  325.641  3.89042
116  310.901  3.8094
117  327.45  3.86314
118  263.689  3.8708
119  313.452  3.82577
120  317.081  3.81287
121  287.779  3.88098
122  294.121  3.86354
123  276.658  3.90068
124  290.823  3.88447
125  256.83  3.88666
126  284.305  3.9264
127  277.111  3.9169
128  297.883  3.85432
129  432.13  2.14452
130  449.903  3.6678
131  445.607  3.32678
132  408.439  3.30926
133  391.702  3.36719
134  388.256  3.33033
135  436.813  3.36376
136  380.21  3.31073
137  399.719  3.37871
138  368.362  3.37881
139  424.008  3.33088
140  389.226  3.27962
141  412.877  3.28974
142  398.657  3.35918
143  404.365  3.31464
144  426.605  3.31584
145  388.638  3.34516
146  392.741  3.32651
147  386.486  3.28559
148  396.696  3.25224
149  435.009  3.28286
150  405.075  3.25044
151  400.507  3.22947
152  383.126  3.29131
153  439.791  3.27041
154  430.07  3.21195
155  438.084  3.30558
156  429.801  3.21443
157  406.493  3.21233
158  468.663  3.14394
159  435.724  3.21537
160  467.546  3.19705
161  480.508  3.24291
162  427.742  3.17201
163  449.331  3.14759
164  468.029  3.16459
165  481.847  3.1605
166  472.895  3.17501
167  468.968  3.24819
168  459.917  3.23896
169  454.1  3.25939
170  467.593  3.27843
171  458.779  3.26753
172  458.188  3.26865
173  459.164  3.23293
174  449.223  3.20339
175  486.639  3.23394
176  480.433  3.2762
177  458.782  3.26632
178  465.378  3.24547
179  485.849  3.25065
180  486.179  3.2726
181  494.154  3.31406
182  481.175  3.27624
183  478.981  3.19771
184  465.943  3.29133
185  491.55  3.33398
186  481.584  3.28403
187  436.037  3.27328
188  451.764  3.30087
189  451.53  3.3377
190  442.824  3.2181
191  435.654  3.3174
192  425.298  3.32294
193  313.107  2.13033
194  322.7  4.14868
195  272.889  3.4268
196  279.968  3.39322
197  266.244  3.42582
198  273.214  3.3799
199  315.873  3.34939
200  297.277  3.34233
201  271.087  3.42439
202  317.573  3.47027
203  312.12  3.36825
204  283.541  3.39214
205  331.405  3.42206
206  340.116  3.3053
207  292.759  3.39311
208  300.988  3.36671
209  279.176  3.40006
210  297.359  3.31085
211  294.061  3.33788
212  319.201  3.38895
213  294.386  3.40466
214  343.1  3.3734
215  355.114  3.33547
216  308.034  3.40374
217  298.918  3.39182
218  329.591  3.38182
219  313.083  3.34091
220  357.808  3.3368
221  327.47  3.32541
222  310.508  3.40444
223  282.196  3.4276
224  361.444  3.37226
225  343.917  3.33203
226  320.575  3.33812
227  277.65  3.44979
228  299.063  3.38666
229  298.445  3.32484
230  344.975  3.41102
231  334.568  3.37858
232  335.447  3.44293
233  259.174  3.43309
234  305.37  3.38645
235  265.487  3.41495
236  262.036  3.45558
237  266.291  3.4285
238  306.127  3.40702
239  291.174  3.39737
240  296.628  3.44712
241  321.51  3.37684
242  305.478  3.34101
243  302.316  3.45593
244  278.779  3.43177
245  289.037  3.43382
246  320.464  3.40233
247  316.114  3.43688
248  308.981  3.47717
249  312.927  3.35527
250  265.704  3.44187
251  285.218  3.39357
252  297.67  3.42681
253  270.893  3.41422
254  277.329  3.43223
255  259.295  3.45145
256  274.598  3.45001
257  391.437  2.11241
258  248.987  3.84446
259  261.543  3.27155
260  280.466  3.329
261  275.642  3.41783
262  304.835  3.36836
263  299.495  3.32749
264  335.071  3.3842
265  333.314  3.34801
266  306.619  3.34572
267  314.268  3.29275
268  363.546  3.30809
269  329.885  3.30697
270  338.859  3.30874
271  326.67  3.38518
272  325.718  3.38511
273  312.85  3.40168
274  327.204  3.34365
275  348.839  3.34212
276  330.232  3.34127
277  325.657  3.30035
278  326.303  3.37805
279  363.676  3.3278
280  372.032  3.347
281  327.037  3.33247
282  331.606  3.29855
283  363.045  3.30207
284  325.268  3.32377
285  347.779  3.38087
286  334.045  3.39685
287  336.11  3.3831
288  345.894  3.30259
289  323.781  3.36725
290  350.112  3.28177
291  336.898  3.40271
292  328.988  3.32814
293  344.191  3.30646
294  326.393  3.27111
295  357.297  3.26266
296  346.89  3.22618
297  334.58  3.32725
298  339.148  3.31486
299  361.868  3.3034
300  400.384  3.33276
301  367.468  3.30607
302  372.948  3.31474
303  392.882  3.33827
304  390.376  3.28902
305  373.871  3.34733
306  394.884  3.3253
307  398.441  3.33762
308  399.718  3.30292
309  439.395  3.32213
310  409.711  3.29234
311  397.628  3.29094
312  411.582  3.2743
313  403.524  3.40115
314  401.995  3.31454
315  441.315  3.2829
316  421.503  3.3655
317  415.435  3.29384
318  387.291  3.3333
319  400.796  3.29019
320  408.892  3.33697
321  282.873  2.14427
322  245.175  5.40242
323  287.874  3.55159
324  256.063  3.59205
325  269.984  3.60197
326  297.585  3.57244
327  287.174  3.68619
328  292.465  3.58969
329  268.68  3.61333
330  269.887  3.66811
331  282.641  3.55917
332  270.833  3.61788
333  267.635  3.6032
334  272.09  3.64438
335  290.032  3.58663
336  284.928  3.60874
337  287.017  3.55102
338  285.039  3.60567
339  327.877  3.55895
340  324.99  3.54322
341  325.94  3.59425
342  294.887  3.60602
343  351.79  3.53014
344  383.688  3.55211
345  331.289  3.57073
346  335.516  3.61581
347  363.649  3.58858
348  329.91  3.61071
349  329.369  3.61296
350  316.997  3.61723
351  320.96  3.626
352  350.828  3.57492
353  342.592  3.59688
354  343.969  3.61508
355  358.014  3.59608
356  310.489  3.62688
357  358.869  3.58034
358  345.69  3.66041
359  332.311  3.62766
360  341.961  3.60401
361  327.717  3.63718
362  305.362  3.59559
363  346.544  3.54525
364  334.296  3.59913
365  319.523  3.60233
366  326.173  3.56803
367  309.074  3.55204
368  308.588  3.58573
369  302.955  3.64637
370  267.214  3.65636
371  298.365  3.67149
372  263.417  3.59326
373  279.924  3.5608
374  282.115  3.62264
375  263.007  3.60208
376  260.981  3.59138
377  252.914  3.65731
378  266.409  3.61702
379  248.985  3.61779
380  231.561  3.67911
381  264.019  3.69275
382  274.485  3.6419
383  201.317  3.75947
384  218.966  3.65685
385  298.475  2.32833
386  236.367  6.16528
387  220.77  4.72607
388  253.928  4.71574
389  228.97  4.70964
390  249.652  4.76583
391  245.38  4.70474
392  229.183  4.69104
393  246.21  4.73124
394  229.762  4.66507
395  253.447  4.73616
396  226.26  4.66544
397  251.44  4.71071
398  241.794  4.67409
399  251.725  4.68638
400  232.782  4.68586
401  255.279  4.72274
402  253.471  4.66882
403  308.317  4.68672
404  287.517  4.63433
405  295.033  4.68101
406  267.517  4.674
407  284.468  4.63293
408  299.066  4.65715
409  305.014  4.68143
410  261.606  4.69626
411  280.41  4.67221
412  313.639  4.70372
413  281.405  4.68605
414  302.451  4.61026
415  302.642  4.70145
416  330.376  4.6476
417  286.547  4.67612
418  290.328  4.67796
419  262.583  4.65973
420  294.932  4.70634
421  258.237  4.70856
422  267.12  4.6542
423  253.509  4.65177
424  262.856  4.68627
425  226.366  4.63662
426  237.887  4.73246
427  257.435  4.70777
428  253.709  4.69651
429  265.79  4.66712
430  272.333  4.64948
431  233.012  4.66072
432  267.693  4.65386
433  214.499  4.72065
434  197.693  4.67162
435  219.311  4.6217
436  228.125  4.64985
437  208.698  4.67367
438  221.701  4.64624
439  233.367  4.68424
440  248.627  4.70256
441  226.752  4.61357
442  250.084  4.69131
443  216.091  4.68486
444  244.282  4.65246
445  224.248  4.69629
446  244.718  4.67834
447  201.552  4.66772
448  234.792  4.68275
449  284.421  2.0812
450  213.434  3.71705
451  223.945  3.39696
452  204.597  3.38859
453  195.071  3.38471
454  211.379  3.35124
455  244.63  3.38688
456  269.858  3.4115
457  232.461  3.35579
458  253.411  3.38964
459  262.838  3.27003
460  238.228  3.32478
461  248.569  3.36199
462  268.309  3.40637
463  311.617  3.33396
464  241.926  3.3337
465  277.827  3.39066
466  276.573  3.36038
467  282.287  3.39693
468  292.887  3.35286
469  279.696  3.3202
470  314.086  3.41119
471  329.533  3.34245
472  323.684  3.33748
473  332.63  3.35287
474  307.372  3.3412
475  317.588  3.29844
476  292.388  3.3285
477  349.476  3.33894
478  271.109  3.41554
479  273.915  3.39164
480  297.53  3.37446
481  294.698  3.40016
482  281.488  3.38916
483  304.963  3.43299
484  303.352  3.34329
485  301.79  3.42477
486  298.155  3.38567
487  315.814  3.35924
488  296.255  3.40384
489  270.827  3.45435
490  264.215  3.40746
491  290.116  3.32106
492  287.108  3.39875
493  280.011  3.40317
494  255.318  3.43336
495  265.79  3.44809
496  289.51  3.39735
497  244.778  3.46649
498  278.245  3.41721
499  271.73  3.45164
500  299.51  3.43368
501  251.689  3.48894
502  273.447  3.44392
503  272.675  3.4933
504  279.068  3.4428
505  283.531  3.42121
506  263.901  3.47764
507  287.346  3.41305
508  285.382  3.47853
509  279.628  3.42207
510  262.828  3.50341
511  263.903  3.44596
512  301.18  3.47738
513  229.172  2.09233
514  171.386  3.85064
515  208.454  3.40235
516  154.949  3.42299
517  180.337  3.40331
518  235.692  3.32787
519  215.572  3.36686
520  217.883  3.37591
521  209.024  3.41337
522  170  3.31676
523  180.223  3.36772
524  212.815  3.41651
525  199.482  3.34692
526  197.43  3.40533
527  203.347  3.34861
528  181.076  3.32572
529  176.527  3.45042
530  194.595  3.38279
531  233.659  3.40461
532  231.429  3.39932
533  211.016  3.40448
534  204.146  3.39907
535  211.864  3.38814
536  229.446  3.34145
537  206.968  3.43584
538  169.366  3.2978
539  183.66  3.42562
540  200.082  3.37885
541  191.478  3.43602
542  228.963  3.39322
543  224.267  3.37974
544  193.003  3.465
545  154.054  3.49562
546  170.008  3.59481
547  201.332  3.53678
548  217.306  3.48022
549  186.325  3.57833
550  209.58  3.46549
551  210.289  3.58742
552  197.412  3.63635
553  176.212  3.61382
554  182.678  3.5363
555  208.143  3.5189
556  222.596  3.51931
557  226.915  3.54331
558  190.92  3.65755
559  222.896  3.66538
560  207.093  3.66192
561  209.301  3.64801
562  209.871  3.62284
563  217.335  3.63864
564  194.576  3.70872
565  186.462  3.67514
566  220.711  3.74912
567  188.908  3.72306
568  187.967  3.78953
569  213.218  3.76554
570  187.646  3.7281
571  190  3.85885
572  187.048  3.7621
573  192.959  3.82807
574  175.937  3.88435
575  151.413  3.958
576  186.403  3.88823
577  225.2  2.07582
578  161.671  3.92249
579  145.447  3.838
580  164.658  3.83706
581  184.386  3.73597
582  167.137  3.87384
583  172.741  3.81673
584  192.755  3.81552
585  207.538  3.91977
586  172.179  3.8512
587  191.259  3.84668
588  199.375  3.73664
589  179.799  3.78622
590  225.704  3.92446
591  216.37  3.90479
592  186.526  3.91712
593  186.272  3.90238
594  196.082  3.92986
595  240.554  3.8192
596  151.643  3.87053
597  199.718  3.95657
598  202.038  4.06321
599  205.235  4.06721
600  171.025  4.0773
601  190.332  4.042
602  187.042  3.95205
603  193.445  3.99775
604  211.129  4.01343
605  185.756  3.90639
606  184.744  4.04741
607  191.543  4.04755
608  142.513  3.98165
609  182.616  3.82521
610  147.267  3.92705
611  193.793  4.03372
612  220.433  4.00993
613  182.803  3.91057
614  192.808  4.16283
615  184.229  4.08353
616  195.135  4.07253
617  175.449  4.25014
618  160.651  4.18322
619  208.759  4.37447
620  210.293  4.42429
621  217.662  4.36246
622  216.088  4.36013
623  185.394  4.43431
624  221.148  4.29234
625  200.459  4.44201
626  178.215  4.48261
627  196.654  4.34868
628  243.388  4.11898
629  217.438  4.27801
630  201.012  4.2625
631  180.409  4.18492
632  187.869  4.15309
633  215.768  4.13149
634  173.948  3.99164
635  186.952  3.96357
636  152.206  3.76732
637  139.923  3.73181
638  149.26  3.83398
639  123.515  3.80291
640  199.474  3.76297
3
1  285.451  2.15495
2  317.114  5.44639
3  291.522  4.49143
4  286.176  4.36926
5  298.66  4.36833
6  303.99  4.32496
7  298.955  4.36305
8  307.35  4.34691
9  282.249  4.35432
10  285.09  4.35946
11  268.217  4.36677
12  325.119  4.32235
13  319.699  4.36287
14  280.312  4.34722
15  308.755  4.38968
16  290.459  4.38005
17  274.129  4.3717
18  294.614  4.36738
19  272.228  4.33273
20  280.602  4.34726
21  281.884  4.34076
22  247.333  4.34965
23  303.085  4.34755
24  307.764  4.38392
25  265.258  4.32665
26  303.525  4.33231
27  286.355  4.31819
28  352.99  4.34603
29  310.24  4.33136
30  320.997  4.36277
31  282.701  4.31844
32  292.216  4.33739
33  286.124  4.34514
34  285.782  4.37774
35  288.77  4.35401
36  315.537  4.35795
37  298.045  4.35903
38  335.386  4.39422
39  303.875  4.35039
40  276.868  4.3494
41  328.979  4.38155
42  300.552  4.38588
43  299.208  4.35247
44  349.842  4.37389
45  289.488  4.3752
46  294.977  4.33133
47  312.633  4.39366
48  301.284  4.38595
49  332.929  4.36933
50  281.863  4.37333
51  336.797  4.35954
52  294.145  4.40096
53  308.246  4.41192
54  291.882  4.36963
55  309.522  4.3188
56  293.813  4.39169
57  286.081  4.40115
58  276.002  4.34913
59  308.454  4.33536
60  300.666  4.40996
61  309.257  4.37085
62  297.895  4.41316
63  287.548  4.20591
64  240.07  4.40202
65  360.624  2.41678
66  314.424  5.12226
67  314.821  3.81114
68  303.391  3.80419
69  332.289  3.8675
70  344.341  3.72929
71  359.32  3.79208
72  359.009  3.69286
73  351.593  3.73036
74  337.976  3.8083
75  361.203  3.81315
76  338.163  3.6997
77  335.214  3.80089
78  393.211  3.781
79  371.658  3.75955
80  367.682  3.80337
81  371.883  3.79456
82  348.337  3.80012
83  402.837  3.8003
84  335.526  3.80457
85  382.731  3.8202
86  378.803  3.7478
87  363.285  3.79512
88  382.469  3.74625
89  323.528  3.80819
90  322.736  3.78873
91  370.703  3.72917
92  364.805  3.78804
93  355.532  3.78861
94  344.41  3.79349
95  355.787  3.76429
96  314.623  3.79895
97  378.098  3.78584
98  345.794  3.78627
99  361.498  3.76191
100  378.046  3.82002
101  355.659  3.78713
102  320.88  3.80481
103  301.493  3.8251
104  311.001  3.817
105  307.514  3.81225
106  311.967  3.7978
107  337.426  3.78795
108  316.508  3.79661
109  317.842  3.76498
110  334.911  3.75956
111  337.564  3.80556
112  312.584  3.78797
113  336.677  3.84711
114  295.674  3.86115
115  369.174  3.82165
116  352.437  3.73768
117  342.761  3.81223
118  312.776  3.78858
119  353.519  3.80536
120  329.514  3.7991
121  309.874  3.82202
122  349.901  3.75676
123  305.55  3.88685
124  361.845  3.76056
125  332.519  3.86665
126  288.672  3.78089
127  328.278  3.80567
128  315.702  3.80213
129  405.063  2.17861
130  391.288  3.54481
131  381.633  3.32554
132  413.235  3.27883
133  402.377  3.2024
134  377.285  3.24138
135  363.598  3.31769
136  381.868  3.28531
137  408.283  3.27084
138  416.23  3.30759
139  408.106  3.23764
140  385.938  3.22505
141  387.557  3.30425
142  368.034  3.25893
143  394.643  3.24247
144  380.062  3.30077
145  378.367  3.2626
146  384.701  3.27219
147  399.664  3.30915
148  401.196  3.27553
149  398.892  3.22733
150  368.445  3.24392
151  386.008  3.25265
152  408.575  3.24672
153  381.494  3.24102
154  362.978  3.22452
155  385.588  3.25305
156  377.474  3.28432
157  372.274  3.23735
158  377.512  3.23054
159  399.026  3.15234
160  387.605  3.24456
161  315.804  3.16044
162  391.589  3.24202
163  405.922  3.2039
164  398.928  3.23916
165  374.809  3.30244
166  352.052  3.25015
167  367.162  3.18691
168  317.656  3.27829
169  348.946  3.17276
170  362.756  3.28068
171  331.338  3.18361
172  344.562  3.19838
173  327.485  3.23524
174  326.34  3.26362
175  335.374  3.26413
176  336.055  3.29811
177  338.243  3.28069
178  294.121  3.34751
179  316.043  3.24721
180  321.097  3.32102
181  310.191  3.32943
182  322.932  3.23014
183  335.056  3.31584
184  273.358  3.2923
185  306.707  3.37367
186  292.723  3.34211
187  263.27  3.29077
188  300.143  3.33257
189  292.696  3.27164
190  304.658  3.3844
191  240.56  3.37745
192  277.889  3.35943
193  380.851  2.79585
194  306.221  4.66139
195  297.568  3.89523
196  327.814  3.95367
197  354.351  3.90263
198  332.823  3.91726
199  380.898  3.98302
200  384.198  3.96922
201  352.441  3.92014
202  363.513  3.88284
203  355.159  5.12728
204  370.727  126.262
205  375.021  3.91771
206  333.374  3.91077
207  398.285  3.92848
208  365.457  3.90667
209  387.8  3.96361
210  381.467  3.98978
211  374.546  3.93348
212  376.141  3.88373
213  402.762  3.96191
214  349.672  3.9297
215  356.688  3.97642
216  389.531  3.94456
217  367.282  3.90062
218  378.929  3.94959
219  373.518  3.94469
220  375.427  3.94214
221  385.423  4.02685
222  393.653  3.90925
223  413.961  3.96961
224  371.564  3.98363
225  400.38  3.97851
226  376.063  3.98715
227  387.692  4.03078
228  368.534  4.02688
229  353.596  3.94552
230  396.465  3.9329
231  388.026  4.01147
232  388.189  3.94842
233  409.826  3.97574
234  395.076  3.9295
235  372.028  3.9079
236  377.478  3.97064
237  404.815  3.93777
238  440.634  3.93057
239  395.324  3.98008
240  395.332  3.91423
241  353.774  3.95998
242  450.291  3.94633
243  412.659  3.89545
244  395.843  3.96112
245  390.582  3.98454
246  382.04  4.05688
247  358.068  3.96699
248  376.669  4.00315
249  345.341  4.02208
250  356.814  4.03972
251  375.041  3.99477
252  329.754  3.98944
253  349.872  3.96382
254  351.986  4.06027
255  346.146  3.9624
256  311.588  4.03741
257  342.372  2.26176
258  398.565  3.5271
259  345.894  3.93168
260  363.381  4.12136
261  344.986  3.97777
262  393.307  3.96341
263  382.335  4.08973
264  366.601  4.00439
265  323.437  3.93967
266  353.67  3.97563
267  380.265  4.06184
268  384.896  4.05194
269  365.493  4.01078
270  385.124  4.00942
271  389.159  4.00947
272  365.163  3.96924
273  368.291  4.02058
274  408.318  4.00199
275  360.296  4.03741
276  347.255  3.98571
277  360.94  3.93782
278  373.805  4.04334
279  364.187  4.0142
280  358.168  3.98829
281  344.746  4.00135
282  324.677  3.94175
283  343.359  3.96382
284  354.97  3.892
285  350.966  3.93961
286  398.894  3.98171
287  359.319  3.91322
288  359.526  3.95932
289  372.358  3.96114
290  354.169  3.96092
291  344.665  3.94815
292  387.101  3.96818
293  363.314  3.94061
294  382.266  4.00024
295  333.042  4.00234
296  376.003  3.96272
297  379.858  4.00961
298  421.999  3.98325
299  384.263  4.06146
300  395.086  3.96606
301  434.085  3.993
302  392.702  3.94084
303  416.939  3.95087
304  433.72  3.92723
305  404.719  4.03258
306  445.487  3.95683
307  428.163  4.00447
308  401.237  3.97788
309  418.837  4.0258
310  429.237  3.96392
311  397.352  3.99183
312  424.316  4.02996
313  365.793  4.06816
314  396.886  4.07455
315  381.825  4.05762
316  456.299  4.04833
317  408.77  3.95919
318  408.425  4.06897
319  407.142  4.02117
320  405.08  4.08887
321  298.851  2.44449
322  248.201  5.7166
323  239.872  3.57325
324  225.319  3.49311
325  267.022  3.5578
326  250.602  3.53103
327  224.866  3.53222
328  256.595  3.53728
329  229.372  3.52067
330  208.268  3.59083
331  264.949  3.50131
332  256.459  3.57079
333  240.232  3.61022
334  279.267  3.54079
335  267.728  3.57838
336  264.494  3.53614
337  283.2  3.60323
338  273.857  3.52892
339  304.546  3.55793
340  289.993  3.50764
341  282.038  3.56628
342  287.159  3.52295
343  305.872  3.51921
344  308.219  3.54023
345  288.748  3.55797
346  320.442  3.56476
347  302.618  3.53712
348  333.435  3.53114
349  308.166  3.56085
350  306.007  3.57956
351  343.835  3.5218
352  346.825  3.56115
353  364.513  3.5698
354  307.876  3.54936
355  328.091  3.61411
356  357.387  3.52175
357  322.544  3.59453
358  315.935  3.57345
359  306.19  3.61524
360  375.561  3.54554
361  321.331  3.54888
362  322.614  3.62411
363  298.64  3.55895
364  298.049  3.55747
365  352.019  3.58187
366  325.756  3.59061
367  356.145  3.60284
368  335.973  3.59442
369  268.633  3.61459
370  303.77  3.56103
371  344.726  3.60504
372  321.242  3.59791
373  317.779  3.59578
374  324.882  3.61088
375  301.719  3.60462
376  311.549  3.59808
377  296.917  3.56872
378  298.565  3.57675
379  328.829  3.5595
380  306.202  3.59147
381  325.583  3.56312
382  345.18  3.61372
383  337.541  3.59366
384  309.601  3.57423
385  254.888  2.45918
386  171.841  6.20934
387  211.376  4.23544
388  219.489  4.42728
389  237.495  4.47228
390  210.908  4.38093
391  226.928  4.35766
392  197.268  4.34681
393  203.524  4.40463
394  229.722  4.3812
395  228.371  4.3337
396  221.57  4.3624
397  219.105  4.34971
398  192.174  4.32991
399  176.108  4.39503
400  192.87  4.32407
401  175.975  4.43228
402  203.107  4.33161
403  247.743  4.42253
404  221.59  4.31305
405  216.911  4.36982
406  217.425  4.33833
407  232.989  4.31371
408  226.042  4.32203
409  227.754  4.38641
410  238.711  4.34211
411  224.704  4.38669
412  277.445  4.39697
413  237.913  4.37053
414  235.182  4.37595
415  238.202  4.3411
416  267.125  4.33296
417  285.587  4.35698
418  217.35  4.33722
419  282.231  4.3392
420  262.911  4.36214
421  267.642  4.3853
422  269.371  4.35738
423  257.937  4.37429
424  266.74  4.35119
425  275.967  4.38869
426  275.508  4.37583
427  282.845  4.31143
428  259.736  4.35425
429  256.392  4.40926
430  291.282  4.33023
431  269.052  4.35382
432  251.016  4.36854
433  256.37  4.37662
434  302.297  4.36791
435  263.634  4.31776
436  278.755  4.30254
437  293.449  4.38743
438  290.765  4.32544
439  286.044  4.36985
440  293.969  4.40084
441  279.968  4.36416
442  270.42  4.36658
443  245.365  4.39661
444  241.631  4.39875
445  283.368  4.32732
446  276.82  4.37498
447  297.338  4.35425
448  252.411  4.37931
449  293.326  2.66154
450  228.31  3.97249
451  208.904  3.93972
452  242.624  3.9091
453  225.45  3.84111
454  218.239  3.90193
455  249.762  4.04341
456  213.565  3.94939
457  228.28  3.83271
458  223.468  3.86158
459  248.722  3.95342
460  260.726  3.86077
461  248.116  3.90373
462  243.711  3.93177
463  268.726  3.90763
464  241.637  3.8614
465  267.088  3.89533
466  264.202  3.9026
467  291.082  3.82064
468  255.308  3.93832
469  286.554  3.8754
470  258.598  3.87988
471  295.966  3.89386
472  279.381  3.92239
473  252.657  3.86684
474  254.834  3.8851
475  278.038  3.91819
476  295.279  3.94575
477  291.584  3.90555
478  292.525  3.91955
479  314.743  3.89423
480  316.018  3.89566
481  307.926  3.90831
482  308.201  3.9347
483  328.472  3.94463
484  294.636  3.90752
485  308.544  3.93752
486  303.71  3.90704
487  297.782  3.91912
488  284.222  3.89194
489  281.555  3.88624
490  327.934  3.88015
491  278.143  3.88926
492  280.084  3.8946
493  259.522  3.90289
494  255.37  3.8955
495  317.507  3.87028
496  306.411  3.8497
497  307.162  3.87139
498  280.301  3.89533
499  285.851  3.90747
500  306.77  3.90981
501  285.685  3.87928
502  300.107  3.8926
503  267.683  3.84375
504  259.169  3.8707
505  264.361  3.88945
506  242.065  3.91995
507  294.773  3.92461
508  240.507  3.88819
509  269.626  3.93488
510  286.972  3.91481
511  281.602  3.91636
512  244.119  3.93417
513  332.396  3.65842
514  386.299  4.60273
515  355.368  5.43541
516  328.6  5.34877
517  387.486  5.18327
518  338.218  5.36418
519  392.047  5.44054
520  326.726  5.35377
521  352.445  5.30269
522  373.587  5.37842
523  413.79  5.34938
524  325.866  5.34431
525  363.298  5.36538
526  382.295  5.32912
527  314.671  5.38044
528  303.043  5.34142
529  282.138  5.33752
530  312.336  5.34198
531  282.393  5.33296
532  330.29  5.31258
533  292.083  5.3627
534  317.85  5.34143
535  338.278  5.32145
536  346.949  5.34283
537  315.628  5.39561
538  370.459  5.38461
539  364.319  5.34315
540  363.202  5.33528
541  319.127  5.35874
542  353.013  5.33812
543  303.169  5.39655
544  358.995  5.33291
545  361.894  5.3628
546  325.932  5.40232
547  356.812  5.34702
548  312.184  5.3692
549  318.351  5.35211
550  310.527  5.35847
551  311.021  5.36727
552  347.6  5.38148
553  308.536  5.42341
554  313.779  5.34287
555  332.315  5.36609
556  323.16  5.37229
557  347.237  5.37149
558  332.746  5.32932
559  289.989  5.38022
560  325.793  5.33305
561  310.518  5.38557
562  318.674  5.3296
563  328.185  5.30722
564  341.11  5.3515
565  316.854  5.3463
566  330.788  5.36316
567  314.329  5.36976
568  343.494  5.30801
569  305.644  5.36652
570  307.018  5.39451
571  367.203  5.4036
572  306.115  5.40796
573  323.543  5.38279
574  297.468  5.36139
575  312.202  5.3606
576  315.06  5.39481
577  314.648  2.1458
578  403.419  3.22451
579  376.529  3.23945
580  383.879  3.24365
581  392.002  3.32819
582  415.116  3.24326
583  398.827  3.21472
584  364.486  3.31492
585  324.054  3.25694
586  326.3  3.26429
587  321.729  3.24942
588  328.023  3.28593
589  322.773  3.28703
590  278.433  3.25727
591  320.042  3.26761
592  315.185  3.29674
593  276.678  3.269
594  302.532  3.34248
595  270.644  3.35603
596  313.336  3.34823
597  314.37  3.29832
598  292.911  3.3358
599  299.9  3.29089
600  303.108  3.32839
601  304.123  3.33163
602  311.605  3.38134
603  307.27  3.36239
604  356.095  3.35676
605  337.776  3.38383
606  334.267  3.37539
607  328.338  3.35026
608  372.599  3.36114
609  329.845  3.2874
610  326.468  3.33259
611  352.349  3.27399
612  350.448  3.309
613  302.962  3.35006
614  340.109  3.30663
615  320.473  3.31557
616  330.218  3.22915
617  314.017  3.30593
618  340.793  3.27732
619  305.789  3.36736
620  351.1  3.29953
621  346.463  3.31842
622  330.868  3.36157
623  356.493  3.35516
624  389.971  3.28208
625  400.199  3.25664
626  370.248  3.33381
627  366.534  3.32319
628  371.705  3.36015
629  383.641  3.38305
630  344.346  3.35652
631  359.445  3.33488
632  373.647  3.33612
633  341.054  3.33873
634  380.14  3.31787
635  375.086  3.31162
636  391.551  3.28847
637  398.283  3.30242
638  366.702  3.39235
639  354.392  3.35716
640  361.059  3.36713
5
1  262.022  2.23447
2  299.523  6.06251
3  299.583  4.2245
4  286.928  4.34216
5  317.411  4.10388
6  313.932  4.0858
7  332.544  4.09489
8  314.051  4.1536
9  300.763  4.09937
10  334.951  4.00072
11  286.816  4.26285
12  322.315  4.33008
13  291.337  4.1557
14  310.035  4.20373
15  365.35  4.08565
16  319.771  4.19981
17  317.692  4.09792
18  301.513  4.0343
19  341.371  4.04151
20  318.894  4.12222
21  304.175  4.12678
22  317.064  4.14322
23  318.519  4.29826
24  316.255  4.0434
25  308.54  4.16751
26  328.206  4.18729
27  238.265  4.23781
28  290.037  4.19975
29  303.381  4.15859
30  279.21  4.21078
31  309.833  4.16457
32  375.619  4.18084
33  303.841  4.12118
34  303.24  4.16481
35  318.066  4.10677
36  335.091  4.1924
37  275.275  4.22519
38  292.431  4.19002
39  279.25  4.12645
40  328.94  4.08803
41  306.378  4.18287
42  320.772  4.14612
43  330.151  4.15681
44  350.963  4.17724
45  313.153  4.11603
46  337.015  4.17266
47  321.551  4.27786
48  292.246  4.11245
49  291.463  4.12049
50  299.262  4.23657
51  279.616  4.1576
52  301.359  4.29119
53  311.654  4.12455
54  252.96  4.0356
55  294.605  4.12602
56  295.984  4.15836
57  256.912  4.13142
58  253.701  4.09141
59  289.016  4.10584
60  293.366  4.16302
61  306.381  4.07751
62  252.99  4.20617
63  290.374  4.25272
64  265.37  4.23636
65  332.089  2.65759
66  271.123  5.12402
67  297.687  5.8624
68  303.375  6.17421
69  274.102  5.82332
70  302.597  5.8077
71  308.684  5.93534
72  297.26  6.0238
73  294.42  5.8332
74  310.847  5.86108
75  309.907  5.91284
76  329.625  5.86728
77  300.299  5.80282
78  319.158  5.92855
79  335.332  5.88168
80  331.729  5.88733
81  291.575  5.84443
82  336.534  5.84405
83  312.565  5.80419
84  341.063  5.82801
85  378.006  5.87381
86  350.49  5.89153
87  342.23  5.77339
88  364.392  5.85584
89  349.456  5.83203
90  343.182  5.86903
91  341.885  5.8199
92  390.159  5.8864
93  358.902  5.84215
94  407.018  5.83118
95  349.274  5.83985
96  389.43  5.86311
97  332.415  5.87185
98  326.14  5.84058
99  386.87  5.79841
100  372.563  5.71629
101  380.942  5.89454
102  371.029  5.78826
103  392.209  5.72027
104  391.725  5.82368
105  421.209  5.71323
106  350.632  5.80129
107  379.194  5.85742
108  338.767  5.72247
109  390.586  5.83938
110  387.296  5.73224
111  403.135  5.80645
112  358.647  5.76703
113  343.77  5.78159
114  374.512  5.72151
115  361.595  5.81892
116  416.352  5.72271
117  396.862  5.79957
118  395.494  5.84361
119  422.189  5.76002
120  352.973  5.76546
121  381.993  5.82344
122  375.903  5.78948
123  384.807  5.86534
124  371.133  5.87831
125  362.138  5.78622
126  390.566  5.71468
127  353.052  5.80198
128  366.651  5.80579
129  337.275  2.04563
130  284.107  4.03545
131  256.296  3.63182
132  323.771  3.6013
133  355.137  3.59371
134  300.047  3.64574
135  295.942  3.66486
136  317.63  3.61267
137  314.026  3.59762
138  298.475  3.67145
139  299.703  3.74839
140  308.837  3.65038
141  362.878  3.58803
142  290.869  3.67286
143  311.043  3.69181
144  319.972  3.67796
145  323.24  3.65477
146  287.383  3.55586
147  334.781  3.63132
148  300.004  3.53322
149  298.778  3.65511
150  305.822  3.58282
151  278.495  3.59658
152  303.168  3.67681
153  318.513  3.61703
154  329.515  3.59346
155  272.252  3.63406
156  298.906  3.60703
157  297.424  3.60666
158  304.62  3.67727
159  325.88  3.60356
160  321.318  3.56652
161  324.539  3.61129
162  297.731  3.54164
163  337.698  3.62102
164  294.696  3.68295
165  327.239  3.5384
166  305.805  3.63327
167  297.883  3.63481
168  304.801  3.69172
169  333.776  3.64593
170  291.537  3.77838
171  284.819  3.6113
172  282.854  3.62022
173  308.348  3.59888
174  277.211  3.53847
175  288.549  3.64131
176  297.657  3.64725
177  267.212  3.65595
178  253.207  3.68526
179  267.974  3.68741
180  272.019  3.71663
181  277.985  3.59116
182  268.029  3.68762
183  275.554  3.68354
184  224.858  3.6894
185  265.768  3.69302
186  234.54  3.75627
187  209.588  3.73879
188  263.605  3.65908
189  274.576  3.69887
190  226.843  3.70016
191  238.342  3.79911
192  253.578  3.77786
193  324.163  2.06201
194  239.264  4.13089
195  220.501  3.87027
196  287.471  3.85018
197  257.023  3.91632
198  263.099  3.91316
199  246.757  3.91598
200  240.638  3.89785
201  249.568  3.80487
202  283.384  3.78888
203  239.418  3.81118
204  240.243  3.89812
205  262.67  3.82216
206  235.263  3.86469
207  283.64  3.68878
208  251.857  3.91563
209  246.743  3.80612
210  255.218  3.89432
211  280.563  3.78359
212  291.463  3.78351
213  267.425  3.9386
214  266.018  3.81037
215  258.164  3.91573
216  234.202  3.90955
217  273.288  3.82253
218  234.828  3.90286
219  259.519  3.7829
220  252.872  3.86905
221  250.975  3.81227
222  244.459  3.79897
223  248.318  3.77845
224  228.395  3.81521
225  279.866  3.83408
226  227.529  3.86805
227  290.946  3.83703
228  308.429  3.88048
229  274.944  3.88727
230  292.053  3.82156
231  289.895  3.89419
232  276.48  3.90402
233  289.398  3.83715
234  264.349  3.92607
235  290.138  3.78726
236  295.058  3.90919
237  284.999  3.92577
238  287.009  3.84159
239  259.922  3.87842
240  272.009  3.90535
241  277.946  3.92586
242  255.158  3.91344
243  299.353  3.82994
244  286.494  3.9441
245  251.871  3.82355
246  294.918  3.8659
247  300.551  3.81734
248  291.477  3.87446
249  304.163  3.84915
250  278.589  3.82036
251  306.44  3.86212
252  336.57  3.91262
253  315.735  3.82744
254  318.341  3.85187
255  322.107  3.87351
256  342.349  3.80529
257  320.94  2.01518
258  232.712  3.78685
259  275.865  3.75551
260  226.64  3.73203
261  290.961  3.76762
262  266.533  3.78122
263  288.741  3.64211
264  270.039  3.70175
265  288.347  3.58912
266  270.056  3.76864
267  320.477  3.79048
268  288.129  3.68988
269  300.703  3.70373
270  343.932  3.64956
271  299.909  3.71827
272  343.468  3.67978
273  348.981  3.77232
274  364.163  3.67366
275  354.72  3.63576
276  383.179  3.72715
277  402.899  3.63209
278  411.631  3.6205
279  397.796  3.79429
280  367.364  3.66681
281  364.742  3.66899
282  361.304  3.7442
283  380.363  3.78674
284  365.136  3.68924
285  332.318  3.82895
286  349.481  3.73202
287  374.639  3.77403
288  327.254  3.76132
289  343.156  3.80021
290  360.561  3.71711
291  340.398  3.66194
292  358.789  3.76991
293  380.066  3.77475
294  340.668  3.77723
295  374.968  3.70465
296  322.435  3.59082
297  312.226  3.73039
298  345.057  3.71124
299  315.001  3.73564
300  267.476  3.68301
301  315.292  3.81378
302  326.424  3.70869
303  299.648  3.75268
304  306.25  3.74163
305  287.42  3.81382
306  231.924  3.80611
307  297.3  3.68795
308  271.44  3.82826
309  240.001  3.75223
310  273.389  3.83485
311  263.769  3.66021
312  256.925  3.76039
313  234.152  3.83148
314  295.402  3.76167
315  255.16  3.72404
316  226.274  3.81273
317  224.11  3.7447
318  209.037  3.8665
319  228.543  3.75758
320  234.916  3.79148
321  235.207  2.01002
322  182.108  4.44379
323  220.522  3.8738
324  192.873  3.84124
325  188.368  3.80489
326  210.404  3.75079
327  203.013  3.82379
328  245.433  3.84391
329  189.075  3.83896
330  224.016  3.86548
331  191.667  3.86042
332  215.152  3.85066
333  247.365  3.9761
334  190.423  3.87904
335  207.543  3.75715
336  196.348  3.81177
337  231.127  3.8085
338  198.523  3.83759
339  213.301  3.86737
340  245.651  3.89538
341  214.146  3.92993
342  229.488  3.9223
343  215.977  3.8355
344  245.62  3.87981
345  244.897  3.91883
346  228.041  3.90391
347  246.559  3.84333
348  247.118  3.91041
349  248.125  3.86528
350  233.608  3.91353
351  265.322  3.94196
352  245.613  3.94784
353  258.465  3.88063
354  267.282  3.84348
355  263.112  3.89751
356  287.144  3.87585
357  303.369  3.8819
358  254.29  3.84498
359  306.424  3.85617
360  295.018  3.90143
361  286.534  3.85196
362  254.63  3.87851
363  252.375  3.87378
364  283.441  3.84957
365  257.676  3.88727
366  302.433  3.86444
367  292.901  3.86116
368  262.515  3.89674
369  260.972  3.88717
370  248.761  3.88486
371  292.221  3.90161
372  257.378  3.81086
373  301.588  3.78788
374  296.465  3.85947
375  288.676  3.87424
376  263.034  3.95725
377  253.351  3.93004
378  231.87  3.94078
379  264.916  3.85482
380  244.194  3.93409
381  245.212  3.9605
382  250.202  3.88193
383  237.411  3.9314
384  232.995  3.8973
385  360.648  2.95983
386  346.086  8.14792
387  321.632  6.00448
388  357.462  6.20934
389  369.205  6.10317
390  327.955  5.98919
391  334.154  6.09134
392  348.77  6.08705
393  297.024  6.09883
394  301.979  6.06175
395  358.185  6.03146
396  347.943  6.11111
397  323.911  6.09559
398  314.87  6.10589
399  335.593  6.07896
400  347.561  6.08801
401  315.242  6.07621
402  332.838  6.13025
403  338.478  6.01472
404  338.293  6.08221
405  320.712  6.13425
406  296.718  6.04777
407  367.234  6.02112
408  319.199  6.11353
409  317.823  6.13871
410  378.782  6.10256
411  386.843  6.1126
412  360.038  6.11586
413  382.987  6.04769
414  362.84  6.00166
415  374.838  6.07255
416  360.009  5.97133
417  341.375  6.01765
418  332.562  6.05253
419  324.378  6.08762
420  345.715  6.06326
421  336.406  6.05535
422  343.761  6.02209
423  339.988  6.03969
424  336.671  6.07786
425  352.437  6.04012
426  333.762  6.07682
427  341.985  6.05427
428  392.187  6.02925
429  342.351  6.053
430  424.978  5.99661
431  378.19  6.02821
432  338.053  6.00655
433  397.121  6.05191
434  400.69  5.98804
435  345.773  6.03257
436  344.732  6.01892
437  348.676  6.02166
438  346.043  6.07176
439  357.184  6.03193
440  361.997  5.97533
441  344.891  6.06289
442  357.486  6.0319
443  368.698  6.05086
444  314.962  6.11178
445  347.294  6.02544
446  336.772  6.09214
447  339.984  6.05176
448  318.608  6.07467
449  337.37  1.95864
450  366.91  4.40514
451  312.684  3.72937
452  365.828  3.69787
453  383.217  3.62908
454  384.443  3.74318
455  370.958  3.64522
456  339.537  3.63382
457  345.928  3.70685
458  359.466  3.5779
459  395.046  3.67735
460  378.895  3.70049
461  399.899  3.52005
462  378.192  3.69211
463  376.901  3.64163
464  335.241  3.6117
465  390.457  3.68006
466  381.554  3.6236
467  420.428  3.61385
468  389.069  3.52633
469  400.157  3.51872
470  390.262  3.5241
471  412.666  3.54599
472  379.641  3.66618
473  363.604  3.6304
474  371.539  3.54411
475  387.32  3.5913
476  376.083  3.57146
477  429.361  3.53647
478  355.925  3.6607
479  378.285  3.55268
480  401.423  3.52266
481  368.074  3.55806
482  345.505  3.53803
483  370.997  3.59879
484  371.753  3.55144
485  384.189  3.56994
486  369.581  3.62672
487  337.544  3.59114
488  360.218  3.61544
489  391.695  3.58467
490  360.303  3.58528
491  412.193  3.58029
492  361.615  3.57565
493  329.622  3.56025
494  396.524  3.5516
495  378.65  3.61379
496  368.81  3.64458
497  350.844  3.53624
498  357.517  3.57635
499  334.933  3.59106
500  325.184  3.60244
501  339.601  3.69006
502  378.797  3.60629
503  360.463  3.62992
504  339.405  3.70947
505  335.857  3.6817
506  307.875  3.63501
507  350.792  3.57786
508  342.061  3.64227
509  310.223  3.67888
510  355.403  3.62377
511  375.137  3.59698
512  329.368  3.63144
513  384.071  2.02977
514  260.567  3.60076
515  288.33  3.52453
516  301.535  3.40475
517  295.182  3.43003
518  297.531  3.55713
519  374.089  3.41417
520  359.07  3.45642
521  334.101  3.51248
522  337.823  3.54538
523  350.384  3.4943
524  369.259  3.55262
525  396.4  3.49003
526  352.73  3.40235
527  341.874  3.56286
528  380.685  3.41602
529  379.457  3.42702
530  364.014  3.46842
531  354.836  3.47115
532  390.347  3.39824
533  377.959  3.40303
534  352.296  3.44883
535  314.729  3.50535
536  364.285  3.4138
537  343.404  3.43893
538  346.405  3.43967
539  405.667  3.48451
540  366.729  3.42979
541  355.599  3.49513
542  354.736  3.57839
543  350.246  3.437
544  372.525  3.43348
545  375.465  3.44777
546  373.042  3.54927
547  403.448  3.50048
548  334.159  3.48638
549  343.393  3.48599
550  385.758  3.51042
551  324.23  3.51606
552  355.709  3.47197
553  370.059  3.54084
554  354.355  3.43961
555  379.91  3.52029
556  373.17  3.48904
557  367.987  3.54198
558  350.819  3.46759
559  333.549  3.51276
560  361.61  3.46693
561  343.577  3.51775
562  300.774  3.5753
563  309.761  3.46976
564  311.062  3.53301
565  295.136  3.52614
566  356.024  3.5041
567  307.8  3.58079
568  309.456  3.51913
569  318.284  3.59293
570  317.788  3.56441
571  352.384  3.54128
572  310.532  3.4701
573  289.599  3.56125
574  320.219  3.60105
575  258.158  3.53522
576  246.256  3.6826
577  372.432  1.99872
578  327.998  4.27607
579  344.666  3.64451
580  338.293  3.62617
581  375.559  3.70568
582  382.345  3.65486
583  383.573  3.72934
584  360.355  3.64516
585  385.146  3.73543
586  408.933  3.64587
587  411.561  3.66963
588  375.262  3.66057
589  411.931  3.57382
590  367.664  3.7057
591  386.627  3.59984
592  397.785  3.73813
593  371.301  3.65384
594  348.916  3.6624
595  443.792  3.58306
596  410.599  3.5379
597  410.776  3.62919
598  385.893  3.6101
599  426.242  3.71715
600  391.864  3.70616
601  390.173  3.63604
602  418.791  3.69021
603  405.024  3.67062
604  413.102  3.68011
605  398.379  3.70439
606  386.119  3.72813
607  408.415  3.76436
608  427.471  3.63787
609  381.732  3.6666
610  403.186  3.68861
611  412.901  3.65135
612  397.717  3.67323
613  394.206  3.68652
614  390.275  3.71013
615  417.331  3.55095
616  437.662  3.63986
617  451.706  3.67542
618  415.065  3.64837
619  417.078  3.56504
620  443.106  3.63907
621  437.508  3.71627
622  457.354  3.58699
623  469.07  3.65007
624  451.17  3.59198
625  420.431  3.67131
626  443.652  3.54209
627  443.893  3.54794
628  435.779  3.52097
629  455.388  3.6586
630  425.706  3.69297
631  422.752  3.61587
632  427.083  3.62879
633  384.828  3.78089
634  436.622  3.6712
635  411.414  3.69655
636  374.316  3.69551
637  408.138  3.67727
638  389.773  3.76058
639  347.91  3.77141
640  390.429  3.76484
6
1  295.245  2.11308
2  312.747  4.09493
3  338.715  3.64944
4  304.065  3.66461
5  332.946  3.67807
6  315.917  3.73684
7  277.002  3.69086
8  306.316  3.66302
9  308.049  3.67324
10  325.694  3.67304
11  307.468  3.66843
12  295.19  3.68504
13  301.025  3.66295
14  296.805  3.69958
15  314.737  3.65985
16  272.721  3.69708
17  288.381  3.63852
18  283.906  3.69927
19  291.97  3.62734
20  294.666  3.67215
21  287.132  3.67755
22  287.074  3.7046
23  317.62  3.67575
24  287.085  3.6653
25  310.43  3.63711
26  292.729  3.65944
27  287.878  3.704
28  308.598  3.66465
29  330.905  3.65082
30  310.639  3.67673
31  290.935  3.6527
32  303.926  3.67398
33  332.609  3.71116
34  305.526  3.67249
35  290.44  3.6327
36  333.163  3.6086
37  279.226  3.70914
38  289.017  3.68346
39  326.526  3.63689
40  341.318  3.66724
41  302.922  3.69561
42  287.575  3.66427
43  301.991  3.67111
44  304.699  3.64043
45  315.871  3.68501
46  289.633  3.66104
47  278.875  3.6558
48  302.47  3.6432
49  290.868  3.68319
50  272.29  3.61957
51  279.487  3.67518
52  308.585  3.66661
53  290.008  3.61678
54  286.372  3.60131
55  260.199  3.60072
56  264.709  3.68001
57  288.877  3.63574
58  258.491  3.63579
59  299.537  3.60238
60  275.12  3.64377
61  237.121  3.66706
62  264.448  3.72608
63  253.801  3.63538
64  212.416  3.69124
65  299.101  2.85295
66  228.54  5.32197
67  224.992  3.86646
68  219.32  3.87855
69  250.613  3.81427
70  273.051  3.76534
71  232.982  3.83987
72  250.966  3.82555
73  229.46  3.81701
74  235.122  3.85073
75  250.123  3.8187
76  276.949  3.85824
77  246.133  3.83925
78  254.396  3.87033
79  287.453  3.81632
80  263.162  3.81051
81  249.646  3.8856
82  217.842  3.84117
83  267.632  3.7799
84  241.255  3.80798
85  260.782  3.82332
86  274.174  3.87162
87  272.216  3.78241
88  276.115  3.78442
89  227.83  3.81991
90  276.313  3.81261
91  277.178  3.81211
92  297.651  3.78584
93  249.271  3.82324
94  275.837  3.85791
95  270.914  3.83788
96  247.246  3.7613
97  289.535  3.78723
98  283.443  3.76688
99  264.458  3.7756
100  335.987  3.7611
101  301.092  3.79072
102  333.901  3.78007
103  297.609  3.76582
104  329.056  3.77497
105  334.069  3.80083
106  337.654  3.78487
107  372.777  3.77052
108  373.426  3.76845
109  344.565  3.73537
110  366.505  3.78015
111  352.642  3.77342
112  369.574  3.77001
113  348.14  3.71537
114  342.18  3.8212
115  384.057  3.7982
116  385.868  3.78431
117  391.325  3.7732
118  400.813  3.75639
119  390.446  3.76918
120  426.025  3.76381
121  455.118  3.76241
122  395.21  3.81058
123  379.952  3.77607
124  371.019  3.82077
125  393.295  3.73145
126  399.956  3.76326
127  392.997  3.74423
128  364.209  3.78431
129  334.021  2.13891
130  281.463  3.28738
131  271.284  3.23011
132  282.093  3.21404
133  267.717  3.24518
134  276.24  3.22162
135  282.308  3.18
136  279.573  3.16034
137  278.109  3.25657
138  290.085  3.15956
139  314.281  3.21199
140  300.941  3.21561
141  305.378  3.25322
142  321.354  3.22467
143  300.6  3.22357
144  333.079  3.1595
145  337.228  3.21042
146  317.306  3.30074
147  339.898  3.15792
148  377.546  3.1763
149  349.286  3.16213
150  363.793  3.14476
151  360.036  3.21502
152  311.642  3.1295
153  359.859  3.15772
154  347.851  3.1805
155  357.499  3.1301
156  386.895  3.17121
157  347.461  3.16567
158  328.484  3.14207
159  355.467  3.15079
160  351.53  3.16759
161  340.68  3.22631
162  371.116  3.10529
163  380.342  3.16073
164  394.647  3.09398
165  385.966  3.11172
166  372.919  3.16451
167  356.284  3.16755
168  381.295  3.15714
169  367.579  3.09843
170  339.913  3.13215
171  341.795  3.1483
172  361.77  3.13815
173  378.216  3.17656
174  332.663  3.16663
175  359.809  3.12261
176  358.735  3.15131
177  323.51  3.12106
178  345.556  3.10986
179  323.72  3.129
180  364.266  3.1433
181  335.058  3.15948
182  337.385  3.07834
183  347.045  3.16247
184  322.387  3.14072
185  347.345  3.15054
186  330.568  3.15661
187  309.258  3.18595
188  307.668  3.21113
189  342.551  3.20744
190  297.095  3.20169
191  295.803  3.21861
192  269.399  3.21248
193  354.999  2.05072
194  297.117  3.37302
195  320.638  3.12661
196  335.117  3.18046
197  301.011  3.27161
198  338.224  3.2148
199  319.086  3.08904
200  306.796  3.21719
201  319.208  3.20184
202  308.826  3.22537
203  307.051  3.2328
204  344.838  3.15904
205  328.997  3.20662
206  324.609  3.19424
207  347.503  3.16263
208  319.123  3.14312
209  330.499  3.22936
210  357.734  3.20518
211  372.045  3.19233
212  364  3.15541
213  341.724  3.17154
214  351.713  3.16417
215  337.364  3.16919
216  389.295  3.13842
217  339.583  3.20414
218  323.916  3.10011
219  333.13  3.15204
220  387.76  3.14158
221  353.216  3.17655
222  363.316  3.21752
223  337.876  3.1423
224  337.449  3.19595
225  311.765  3.19593
226  282.64  3.16403
227  350.544  3.1287
228  305.319  3.21056
229  341.722  3.2023
230  319.974  3.18961
231  374.466  3.11539
232  327.861  3.19879
233  311.804  3.19977
234  320.511  3.11763
235  320.631  3.19432
236  344.045  3.21573
237  357.315  3.15353
238  348.286  3.06673
239  353.102  3.12741
240  366.156  3.1285
241  353.277  3.16942
242  348.607  3.17798
243  369.501  3.17354
244  366.65  3.16975
245  318.711  3.20457
246  342.039  3.1489
247  339.32  3.21173
248  358.987  3.21316
249  356.404  3.17623
250  320.727  3.21169
251  349.726  3.19913
252  349.738  3.20767
253  347.859  3.26037
254  342.921  3.20901
255  298.613  3.23823
256  331.759  3.19626
257  369.949  2.13541
258  355.513  3.43506
259  369.698  3.36725
260  381.487  3.36632
261  363.655  3.36287
262  357.524  3.35066
263  374.845  3.39898
264  393.303  3.30892
265  352.581  3.33763
266  351.523  3.30272
267  372.119  3.36559
268  363.518  3.3725
269  367.778  3.33141
270  399.668  3.28048
271  357.875  3.27252
272  350.804  3.37936
273  366.433  3.30789
274  366.802  3.3937
275  409.099  3.3179
276  397.387  3.39364
277  420.668  3.32037
278  399.396  3.30833
279  419.523  3.31853
280  418.637  3.32652
281  408.966  3.3589
282  396.6  3.33526
283  435.597  3.2843
284  440.174  3.32765
285  396.856  3.31209
286  419.691  3.30982
287  414.436  3.29991
288  445.533  3.2954
289  415.413  3.32495
290  432.945  3.31664
291  425.122  3.34143
292  402.241  3.33215
293  444.811  3.2802
294  442.052  3.33686
295  408.832  3.30182
296  422.584  3.36489
297  405.992  3.35561
298  430.511  3.34972
299  438.217  3.33291
300  382.893  3.37019
301  418.552  3.35412
302  431.718  3.32679
303  450.551  3.31269
304  440.786  3.34698
305  455.796  3.30594
306  452.923  3.36635
307  462.843  3.33954
308  455.61  3.26725
309  431.949  3.31691
310  476.782  3.26983
311  464.264  3.27804
312  470.293  3.26735
313  457.444  3.35012
314  456.572  3.3552
315  486.657  3.24518
316  469.205  3.29447
317  445.662  3.25193
318  463.292  3.33507
319  474.434  3.3212
320  438.001  3.34216
321  210.651  2.22116
322  188.435  3.63854
323  174.848  3.30869
324  172.91  3.27042
325  177.678  3.29985
326  191.697  3.23801
327  215.34  3.25096
328  200.709  3.28689
329  200.709  3.24637
330  228.516  3.25129
331  217.505  3.26546
332  236.75  3.25799
333  222.566  3.18182
334  205.795  3.19605
335  220.709  3.25776
336  219.216  3.22139
337  227.605  3.20134
338  217.228  3.1757
339  242.11  3.18173
340  264.991  3.1664
341  196.796  3.18983
342  198.217  3.22482
343  215.082  3.18046
344  213.59  3.24506
345  192.755  3.19446
346  163.687  3.22546
347  202.285  3.20717
348  242.917  3.25481
349  215.524  3.2043
350  225.462  3.24725
351  219.891  3.20141
352  229.26  3.20444
353  235.369  3.28022
354  186.49  3.20157
355  164.295  3.27923
356  196.136  3.27671
357  140.901  3.27406
358  148.453  3.24128
359  158.539  3.29789
360  215.649  3.22604
361  174.32  3.265
362  158.025  3.24563
363  159.986  3.28942
364  179.359  3.29009
365  193.044  3.2567
366  203.976  3.29304
367  222.586  3.25874
368  184.597  3.25746
369  196.01  3.24053
370  158.722  3.23
371  170.231  3.30424
372  190.527  3.22836
373  178.849  3.27084
374  214.677  3.27141
375  195.585  3.25634
376  176.559  3.32178
377  198.674  3.30222
378  172.755  3.29711
379  182.322  3.32341
380  142.837  3.31408
381  137.413  3.33989
382  160.64  3.26023
383  132.789  3.36829
384  130.57  3.32118
385  389.931  2.79696
386  344.794  3.76364
387  364.268  4.15199
388  360.135  4.33902
389  335.534  4.42446
390  391.962  4.21972
391  375.208  4.35352
392  358.405  4.33587
393  361.992  4.34135
394  324.52  4.36664
395  361.648  4.3396
396  374.184  4.31195
397  345.039  4.30878
398  380.422  4.3095
399  393.429  4.36976
400  402.143  4.33462
401  392.712  4.33365
402  388.987  4.3798
403  406.072  4.2989
404  412.705  4.32566
405  375.003  4.30484
406  366.413  4.35442
407  389.528  4.33413
408  393.901  4.34844
409  397.604  4.34145
410  367.563  4.3323
411  404.948  4.32595
412  430.105  4.35187
413  390.323  4.32988
414  384.396  4.33128
415  412.539  4.3169
416  375.231  4.34147
417  347.721  4.2992
418  377.544  4.32029
419  388.133  4.34718
420  369.933  4.31469
421  395.303  4.31415
422  333.728  4.32469
423  379.85  4.30164
424  386.869  4.33473
425  406.137  4.33208
426  383.246  4.29225
427  379.734  4.34907
428  357.234  4.31798
429  400.574  4.34356
430  352.74  4.29143
431  399.347  4.32721
432  412.045  4.25136
433  381.736  4.3331
434  373.375  4.32301
435  363.414  4.342
436  363.961  4.325
437  347.815  4.35589
438  352.413  4.27975
439  393.802  4.30783
440  363.282  4.34688
441  352.902  4.34563
442  346.996  4.31626
443  381.419  4.32616
444  350.675  4.32262
445  364.821  4.35098
446  341.173  4.36435
447  297.997  4.33391
448  307.66  4.36216
449  526.733  2.14619
450  456.318  3.33533
451  473.184  3.18918
452  452.033  3.20191
453  456.875  3.27457
454  535.569  3.21792
455  470.922  3.24044
456  501.815  3.26211
457  545.437  3.31112
458  462.882  3.22543
459  502.769  3.23558
460  533.139  3.22948
461  509.865  3.25489
462  536.705  3.24599
463  513.118  3.22344
464  545.872  3.14718
465  484.232  3.22626
466  521.489  3.23076
467  517.273  3.19678
468  515.482  3.27347
469  505.203  3.2974
470  555.385  3.13679
471  520.049  3.32691
472  558.187  3.26763
473  555.74  3.25314
474  520.822  3.24539
475  538.097  3.21756
476  514.118  3.28864
477  542.468  3.23387
478  499.739  3.24849
479  526.7  3.24709
480  513.775  3.20568
481  526.854  3.24815
482  524.539  3.21952
483  488.129  3.24634
484  513.972  3.25358
485  510.285  3.33247
486  510.766  3.29779
487  512.357  3.30274
488  523.699  3.25517
489  501.693  3.22772
490  544.598  3.15956
491  508.527  3.2874
492  540.081  3.28458
493  534.444  3.22636
494  540.61  3.20701
495  540.808  3.25971
496  545.245  3.26845
497  510.298  3.23598
498  548.103  3.22212
499  538.095  3.23045
500  557.567  3.25724
501  538.521  3.2198
502  590.48  3.18982
503  547.273  3.25218
504  564.606  3.23721
505  569.01  3.25887
506  549.207  3.21447
507  564.501  3.24075
508  577.49  3.22604
509  554.459  3.23366
510  576.983  3.19876
511  577.302  3.25299
512  566.028  3.19392
513  260.007  2.00942
514  258.142  3.43355
515  263.157  3.17136
516  291.594  3.17716
517  282.305  3.2184
518  271.099  3.19835
519  307.797  3.15601
520  299.624  3.13173
521  288.544  3.1694
522  274.05  3.2189
523  306.651  3.19454
524  267.363  3.19658
525  300.048  3.19201
526  248.592  3.12759
527  278.033  3.19483
528  253.139  3.28986
529  262.677  3.2247
530  308.153  3.14983
531  262.789  3.22092
532  304.116  3.14726
533  267.932  3.13618
534  242.549  3.19323
535  292.531  3.17341
536  318.242  3.16615
537  276.231  3.17195
538  263.015  3.21455
539  267.714  3.21655
540  263.395  3.22157
541  287.552  3.15938
542  273.91  3.28262
543  289.241  3.19744
544  280.172  3.23603
545  249.392  3.24388
546  265.729  3.21952
547  277.004  3.19682
548  292.377  3.24655
549  270.602  3.18045
550  286.778  3.22375
551  251.768  3.25508
552  306.444  3.29811
553  269.59  3.25601
554  299.58  3.22931
555  313.401  3.24418
556  306.11  3.16982
557  270.269  3.2554
558  298.006  3.28298
559  278.946  3.19894
560  300.184  3.23894
561  306.548  3.1481
562  254.631  3.25194
563  286.12  3.22311
564  291.903  3.22626
565  269.499  3.23913
566  269.961  3.2278
567  270.409  3.20271
568  278.612  3.24028
569  264.296  3.22472
570  231.509  3.24058
571  260.771  3.20365
572  264.113  3.21957
573  295.892  3.2014
574  241.188  3.25818
575  260.442  3.17697
576  248.983  3.29367
577  318.279  2.1257
578  104.292  3.24871
579  119.6  3.3124
580  119.615  3.27927
581  112.696  3.29369
582  127.228  3.32342
583  155.189  3.2873
584  154.911  3.29039
585  103.833  3.30508
586  157.069  3.29109
587  188.131  3.1897
588  183.805  3.23562
589  213.658  3.24087
590  234.637  3.21723
591  223.68  3.20123
592  236.853  3.20162
593  197.911  3.18614
594  237.112  3.26748
595  261.71  3.22666
596  256.212  3.22482
597  272.37  3.29392
598  210.757  3.22639
599  264.127  3.19524
600  227.702  3.19081
601  267.174  3.20957
602  236.02  3.20916
603  224.119  3.16191
604  263.603  3.20005
605  264.754  3.23371
606  246.138  3.22119
607  248.988  3.22323
608  244.08  3.18541
609  234.036  3.2632
610  266.988  3.20419
611  240.444  3.22318
612  257.044  3.30755
613  250.059  3.21657
614  268.604  3.21662
615  280.585  3.15506
616  307.432  3.17765
617  276.881  3.20532
618  279.936  3.19285
619  319.693  3.12806
620  304.435  3.1461
621  315.088  3.14281
622  253.737  3.20865
623  346.749  3.08195
624  351.776  3.16185
625  320.622  3.10923
626  341.47  3.21684
627  365.646  3.18949
628  397.424  3.16395
629  401.337  3.12951
630  403.001  3.14398
631  380.243  3.14395
632  374.348  3.14653
633  380.269  3.17282
634  428.475  3.07346
635  399.345  3.16363
636  395.071  3.17461
637  431.934  3.18748
638  410.875  3.17502
639  389.551  3.09257
640  398.304  3.24058
8
1  218.427  2.04314
2  96.8265  10.4967
3  108.264  7.8195
4  155.26  7.29035
5  103.788  7.33765
6  134.177  7.22685
7  87.73  7.26837
8  102.653  7.27576
9  125.077  7.23828
10  160.532  7.23768
11  167.123  7.26975
12  149.645  7.305
13  178.279  7.20966
14  162.8  7.27941
15  136.497  7.26614
16  170.05  7.24951
17  187.928  7.23935
18  130.925  7.32974
19  173.605  7.2151
20  184.41  7.25896
21  209.035  7.24387
22  164.435  7.30931
23  166.621  7.25108
24  170.365  7.3177
25  206.122  7.24428
26  176.159  7.3016
27  240.674  7.23077
28  210.711  7.31248
29  213.164  7.29995
30  218.186  7.21458
31  221.768  7.23067
32  228.962  7.24085
33  192.688  7.31082
34  211.048  7.29786
35  209.345  7.27109
36  189.077  7.23957
37  186.581  7.2805
38  173.098  7.27582
39  181.244  7.3174
40  185.746  7.31685
41  162.073  7.29261
42  173.168  7.27287
43  136.312  7.34335
44  142.753  7.33311
45  166.413  7.27947
46  161  7.33331
47  168.495  7.29359
48  133.918  7.3295
49  173.679  7.29212
50  163.427  7.26565
51  155.723  7.29579
52  160.498  7.23524
53  178.406  7.26171
54  154.671  7.27435
55  134.131  7.34578
56  166.753  7.28401
57  182.931  7.2906
58  185.25  7.28935
59  186.409  7.2813
60  159.749  7.2743
61  167.985  7.28563
62  171.273  7.32584
63  135.135  7.36142
64  158.171  7.26113
65  239.96  2.87327
66  172.32  6.73485
67  206.325  5.92589
68  219.138  6.59043
69  236.928  6.27629
70  200.845  5.81177
71  228.193  6.30221
72  207.068  6.36807
73  218.305  6.11383
74  212.524  6.14998
75  255.203  6.30505
76  251.343  6.236
77  224.292  6.07842
78  213.716  6.20136
79  223.567  6.23452
80  238.143  6.18908
81  209.196  6.16448
82  207.478  6.17937
83  262.083  6.21188
84  239.41  6.1994
85  236.654  6.07569
86  238.71  6.18424
87  222.119  6.21897
88  241.977  6.11437
89  180.506  6.17397
90  205.258  6.13882
91  183.744  6.20275
92  214.523  6.14451
93  192.14  6.14621
94  216.247  6.16028
95  164.91  6.1878
96  183.382  6.21529
97  191.817  6.16036
98  201.308  6.20652
99  161.46  6.14655
100  170.488  6.17699
101  171.899  6.17638
102  159.577  6.20085
103  213.93  6.14608
104  210.627  6.17299
105  139.667  6.18631
106  148.127  6.16172
107  171.413  6.15793
108  193.603  6.14441
109  187.054  6.16177
110  193.204  6.12979
111  201.04  6.12876
112  201.928  6.20614
113  192.859  6.14752
114  169.807  6.14797
115  150.466  6.1719
116  204.448  6.19439
117  172.363  6.17461
118  178.094  6.1649
119  199.791  6.17299
120  206.627  6.19166
121  183.61  6.19413
122  191.016  6.16052
123  194.501  6.12379
124  160.469  6.15954
125  164.869  6.20096
126  200.519  6.19517
127  205.205  6.22406
128  165.739  6.20273
129  245.546  2.13939
130  235.839  3.60144
131  248.392  3.56446
132  235.762  3.5366
133  231.117  3.58178
134  232.074  3.56301
135  191.644  3.51629
136  235.193  3.51685
137  206.468  3.56867
138  206.877  3.52838
139  202.64  3.52948
140  212.193  3.429
141  198.306  3.5568
142  234.502  3.50912
143  219.819  3.5918
144  250.731  3.52862
145  232.369  3.58306
146  197.907  3.48987
147  227.917  3.5264
148  219.063  3.51989
149  214.397  3.57976
150  245.458  3.49055
151  239.433  3.56709
152  222.469  3.5082
153  218.843  3.51934
154  220.606  3.52634
155  194.413  3.54912
156  189.657  3.53917
157  219.306  3.51875
158  223.313  3.52464
159  233.531  3.54795
160  219.799  3.59115
161  247.975  3.59254
162  195.219  3.54087
163  267.611  3.52506
164  213.095  3.54924
165  215.011  3.59234
166  240.601  3.54026
167  240.433  3.50496
168  274.512  3.52241
169  199.219  3.54393
170  249.28  3.53078
171  269  3.57189
172  241.936  3.57141
173  247.403  3.59765
174  224.244  3.50208
175  265.975  3.54815
176  259.489  3.52846
177  250.073  3.51028
178  173.35  3.5674
179  233.001  3.47403
180  233.888  3.57329
181  231.623  3.55468
182  253.496  3.5757
183  239.603  3.56746
184  243.686  3.6094
185  269.039  3.5872
186  263.474  3.60472
187  242.263  3.56133
188  265.054  3.56827
189  272.563  3.5751
190  227.518  3.57937
191  239.785  3.55236
192  232.002  3.59241
193  304.515  2.0812
194  275.48  3.69671
195  270.142  3.67241
196  272.533  3.5629
197  290.421  3.59791
198  274.66  3.61509
199  322.743  3.52912
200  300.464  3.56092
201  287.076  3.57213
202  325.764  3.5535
203  342.796  3.52888
204  316.698  3.52835
205  315.999  3.50091
206  267.821  3.54752
207  280.687  3.57235
208  329.895  3.56804
209  304.455  3.49454
210  298.925  3.55274
211  327.971  3.52631
212  302.877  3.57365
213  329.492  3.51181
214  301.69  3.5222
215  288.102  3.46709
216  325.673  3.48023
217  272.34  3.50204
218  299.22  3.51268
219  339.645  3.51171
220  299.746  3.54203
221  295.614  3.47709
222  318.143  3.48682
223  293.549  3.52741
224  292.699  3.49375
225  322.128  3.47346
226  292.303  3.50494
227  314.175  3.49562
228  331.603  4.41794
229  336.449  41.5371
230  302.329  4.55101
231  307.323  4.41204
232  318.597  3.51999
233  270.725  3.4617
234  292.269  3.46443
235  278.274  3.48305
236  340.979  3.4541
237  294.029  3.44973
238  321.472  3.45152
239  300.267  3.50231
240  336.812  3.46504
241  309.02  3.46946
242  285.682  3.44381
243  352.007  3.47182
244  328.7  3.49753
245  278.649  3.50005
246  309.563  3.46543
247  322.624  3.46964
248  315.516  3.50997
249  288.606  3.46213
250  288.08  3.41772
251  321.434  3.44391
252  335.218  3.53547
253  282.988  3.50741
254  291.672  3.52033
255  275.25  3.54513
256  249.576  3.54703
257  316.646  2.11659
258  319.464  5.05519
259  351.85  3.97906
260  319.026  3.73194
261  350.466  3.90841
262  329.72  3.95895
263  334.204  3.83004
264  349.831  3.80092
265  329.455  3.93038
266  309.207  3.93455
267  321.187  3.87554
268  319.228  3.90541
269  348.71  3.92555
270  308.17  3.94573
271  322.29  3.84518
272  293.987  3.94322
273  298.725  3.95044
274  335.296  3.9384
275  337.771  3.90271
276  333.378  3.99453
277  318.376  3.94939
278  328.303  3.92955
279  347.934  3.90978
280  286.98  3.9403
281  323.021  3.94884
282  265.192  3.93245
283  335.604  3.96603
284  277.44  3.9894
285  351.431  3.89374
286  336.104  3.92194
287  338.123  4.01644
288  304.355  3.98531
289  282.856  4.00172
290  310.39  3.96485
291  335.126  4.03006
292  294.725  4.06993
293  335.106  3.9923
294  303.522  4.03959
295  353.016  4.00697
296  295.814  4.02511
297  294.587  3.98376
298  353.907  4.01744
299  306.51  3.97196
300  340.428  3.97632
301  344.34  4.01473
302  348.066  3.96996
303  331.049  3.41313
304  328.026  3.40198
305  330.125  4.01609
306  336.119  3.42368
307  318.867  3.40704
308  360.26  4.05445
309  336.301  3.42847
310  351.959  3.94477
311  357.659  4.02105
312  313.316  3.99966
313  342.482  4.01492
314  337.118  4.00982
315  350.429  3.95407
316  336.849  4.02071
317  325.736  3.97112
318  346.566  3.99311
319  311.879  3.97116
320  299.466  4.01259
321  267.669  2.07246
322  312.014  4.24611
323  303.462  3.30482
324  253.673  3.35564
325  318.79  3.27359
326  325.757  3.18696
327  307.721  3.30381
328  309.062  3.2452
329  296.956  3.25037
330  310.035  3.2883
331  281.091  3.21253
332  261.824  3.24781
333  272.46  3.26238
334  263.853  3.33918
335  292.376  3.22625
336  283.233  3.25904
337  260.534  3.23107
338  277.319  3.18589
339  296.865  3.28044
340  298.564  3.22614
341  273.827  3.23157
342  304.528  3.25816
343  305.797  3.19449
344  270.546  3.26262
345  273.014  3.28289
346  258.775  3.24352
347  210.93  3.30828
348  293.191  3.18509
349  297.84  3.21642
350  271.494  3.24466
351  298.711  3.1896
352  307.896  3.23836
353  263.957  3.22803
354  279.805  3.17027
355  267.861  3.22542
356  255.474  3.35628
357  264.913  3.23284
358  244.219  3.24924
359  269.401  3.21702
360  267.909  3.15689
361  228.446  3.22212
362  207.195  3.22516
363  204.803  3.23179
364  244.125  3.25844
365  212.241  3.2435
366  200.525  3.19737
367  216.772  3.27485
368  197.467  3.28729
369  214.106  3.2193
370  199.792  3.2165
371  223.122  3.1868
372  229.853  3.20537
373  164.633  3.2261
374  219.685  3.25656
375  219.155  4.46107
376  181.608  2.53282
377  188.296  3.2372
378  184.058  3.31653
379  230.136  3.22814
380  204.254  3.26874
381  211.314  3.29719
382  223.941  3.22386
383  225.294  3.30914
384  218.641  3.33708
385  253.54  2.6841
386  214.527  4.37591
387  228.566  4.10378
388  248.877  4.00311
389  292.405  3.86774
390  217.765  3.82899
391  263.186  3.99605
392  283.716  3.95829
393  271.522  3.84766
394  237.729  3.4389
395  280.906  3.92093
396  247.314  3.9116
397  255.788  3.86854
398  284.628  3.89202
399  268.204  3.89674
400  302.287  3.87613
401  257.963  3.89579
402  306.818  3.87677
403  307.098  3.86898
404  272.93  3.91062
405  294.524  3.86868
406  293.023  3.87729
407  282.473  3.9011
408  267.672  3.90505
409  268.624  3.89767
410  258.974  3.89589
411  274.293  3.91001
412  257.065  3.90399
413  295.17  3.87992
414  301.48  3.91488
415  285.07  3.8969
416  261.022  3.90043
417  244.522  3.88327
418  238.184  3.87036
419  261.55  3.87934
420  250.34  3.89298
421  227.369  3.91139
422  218.814  3.87901
423  211.204  3.9489
424  278.631  3.81447
425  221.715  3.87097
426  216.25  3.87702
427  254.171  3.88165
428  235.826  3.86263
429  243.549  3.87575
430  201.154  3.88146
431  240.392  3.86244
432  236.011  3.87058
433  223.102  3.86473
434  207.164  3.9086
435  241.559  3.90948
436  245.598  3.89275
437  219.074  3.94543
438  232.787  3.87482
439  190.13  3.92263
440  241.375  3.88545
441  222.137  3.88833
442  221.24  3.9058
443  231.203  3.88962
444  229.853  3.90743
445  238.059  3.91628
446  214.871  3.8869
447  249.343  3.92345
448  181.614  3.91438
449  396.915  2.11029
450  330.6  3.32598
451  349.582  3.27432
452  314.234  3.23453
453  364.649  3.10449
454  331.773  3.17667
455  318.387  3.18426
456  319.817  3.19444
457  340.144  3.25134
458  339.874  3.23868
459  377.592  3.27465
460  318.138  3.21713
461  334.124  3.22592
462  374.423  3.2074
463  350.611  3.18171
464  361.962  3.2678
465  372.962  3.25665
466  357.885  3.22756
467  363.732  3.22498
468  388.237  3.20648
469  356.982  3.26
470  423.388  3.24668
471  380.219  3.21625
472  347.336  3.18393
473  374.173  3.18895
474  366.791  3.20458
475  349.327  3.22764
476  357.948  3.22759
477  334.58  3.24022
478  398.297  3.23216
479  393.117  3.22598
480  389.026  3.16832
481  344.532  3.25268
482  368.685  3.2719
483  388.628  3.17619
484  390.876  3.2127
485  353.419  2.52999
486  393.808  3.19915
487  387.635  3.22514
488  377.734  3.22647
489  416.439  3.1577
490  366.012  3.2499
491  367.413  3.27254
492  410.283  3.15358
493  449.753  3.20518
494  404.324  3.24894
495  423.415  3.21252
496  396.683  3.21284
497  400.685  3.1857
498  397.052  3.20993
499  437.434  3.17976
500  412.921  3.19376
501  415.827  3.1491
502  397.382  3.17394
503  394.715  3.23188
504  411.325  3.2029
505  435.63  3.18422
506  414.766  3.17752
507  409.062  3.18205
508  441.629  3.14878
509  399.428  3.23529
510  399.147  3.27514
511  377.438  3.30915
512  363.118  3.27831
513  291.941  2.10481
514  264.439  3.37861
515  297.541  3.27495
516  274.326  3.33795
517  282.142  3.29122
518  290.333  3.26704
519  267.113  3.3096
520  314.127  3.28681
521  298.498  3.26304
522  313.533  3.26789
523  309.352  3.30584
524  349.403  3.26746
525  331.201  3.29932
526  317.705  3.29123
527  298.293  3.29633
528  295.248  3.30633
529  313.41  3.3149
530  299.59  3.3267
531  264.586  3.33818
532  299.874  3.2879
533  336.806  3.28932
534  317.571  3.34127
535  298.667  3.27184
536  316.398  3.29238
537  298.502  3.35882
538  273.393  3.3227
539  315.147  3.34198
540  323.47  3.29569
541  244.245  3.37651
542  293.674  3.28286
543  289.465  3.34731
544  310.535  3.29192
545  290.978  3.2984
546  273.393  3.3024
547  262.026  3.3307
548  289.229  3.34241
549  263.583  3.3419
550  248.039  3.38225
551  252.919  3.33499
552  274.926  3.34003
553  230.892  3.36284
554  260.714  3.30493
555  241.702  3.38014
556  236.069  3.40213
557  208.786  3.4116
558  262.759  3.36225
559  210.114  3.34845
560  260.892  3.35815
561  233.663  3.3994
562  224.56  3.31581
563  233.806  3.36402
564  224.386  3.41299
565  216.777  3.4053
566  207.551  3.38149
567  249.958  3.36455
568  218.736  3.40898
569  190.278  3.35736
570  209.134  3.36294
571  234.62  3.38417
572  234.513  3.37367
573  235.3  3.3519
574  197.325  3.36236
575  240.242  3.40301
576  199.126  3.37691
577  315.596  2.07537
578  338.741  3.20927
579  341.676  3.26203
580  299.576  3.24471
581  314.279  3.1567
582  324.621  3.26995
583  332.107  3.22123
584  297.672  3.20131
585  316.346  3.28341
586  347.821  3.24991
587  337.832  3.22233
588  353.233  3.18574
589  375.238  3.25437
590  357.588  3.20408
591  352.298  3.2108
592  398.658  3.17409
593  340.708  3.22897
594  374.496  3.21737
595  391.882  3.23864
596  373.075  3.18808
597  360.643  3.20113
598  374.275  3.22693
599  374.034  3.20075
600  359.769  3.23552
601  337.301  3.26599
602  386.692  3.18979
603  330.895  3.20536
604  365.647  3.25045
605  342.736  3.20722
606  344.919  3.20929
607  353.816  3.12553
608  388.527  3.2119
609  328.538  3.29661
610  344.647  3.30127
611  380.173  3.23313
612  353.653  3.16927
613  388.546  3.22835
614  342.785  3.22421
615  349.297  3.20374
616  362.611  3.32967
617  346.712  3.27186
618  366.169  3.33812
619  372.84  3.30314
620  397.585  3.26473
621  444.247  3.25722
622  400.056  3.30001
623  377.035  3.30616
624  403.181  3.32736
625  370.071  3.37308
626  369.915  3.30096
627  405.053  3.32074
628  385.442  3.36163
629  371.587  3.3773
630  366.22  3.31395
631  355.62  3.44074
632  386.381  3.34275
633  377.991  3.33313
634  328.573  3.3629
635  382.461  3.32135
636  345.5  3.37049
637  329.948  3.31885
638  341.036  3.41191
639  365.745  3.42221
640  310.05  3.33324
10
1  255.476  2.78171
2  205.87  9.08475
3  239.428  5.59745
4  266.461  5.49922
5  241.472  5.51615
6  273.011  5.52878
7  273.596  5.43821
8  223.768  5.4381
9  275.425  5.53419
10  235.237  5.48923
11  256.768  5.42609
12  226.87  5.46339
13  257.126  5.3933
14  253.153  5.49977
15  223.566  5.46951
16  266.765  5.42197
17  263.135  5.53958
18  230.174  5.48029
19  270.192  5.50388
20  237.987  5.46352
21  281.588  5.39968
22  251.579  5.45064
23  249.561  5.45273
24  272.891  5.48142
25  271.753  5.39472
26  271.95  5.3782
27  274.781  5.36037
28  290.569  5.47654
29  298.121  5.43446
30  288.879  5.37785
31  311.726  5.36716
32  265.085  5.38338
33  246.513  5.47736
34  282.323  5.3237
35  312.896  5.3831
36  285.287  5.35647
37  287.757  5.37413
38  315.268  5.34939
39  312.87  5.38657
40  287.074  5.4624
41  300.539  5.32394
42  266.998  5.4236
43  315.414  5.3505
44  292.763  5.29482
45  309.527  5.39548
46  310.771  5.31948
47  315.211  5.36607
48  308.561  5.31543
49  300.669  5.40102
50  319.594  5.34938
51  303.951  5.37231
52  304.021  5.34901
53  293.313  5.41302
54  318.865  5.29978
55  307.395  5.43437
56  337.852  5.33447
57  340.671  5.32543
58  326.924  5.34198
59  341.222  5.3257
60  382.405  5.40783
61  275.385  5.40052
62  360.203  5.36186
63  367.358  5.29471
64  329.575  5.34634
65  335.338  2.52446
66  296.489  7.83838
67  305.221  4.62643
68  271.376  4.39864
69  267.439  4.30357
70  304.41  4.38675
71  280.9  4.43703
72  295.933  4.37174
73  291.766  4.28645
74  318.465  4.36873
75  282.099  4.34885
76  323.377  4.33778
77  318.49  4.36481
78  321.133  4.50727
79  343.114  4.38847
80  321.309  4.36524
81  353.048  4.3351
82  366.478  4.3599
83  367.857  4.34318
84  338.664  4.3806
85  381.051  4.40366
86  388.87  4.40943
87  347.568  4.38563
88  352.895  4.38918
89  360.456  4.31826
90  354.107  4.33047
91  382.963  4.40442
92  392.744  4.32722
93  362.403  4.33026
94  326.434  4.32939
95  378.747  4.38388
96  359.687  4.34351
97  347.645  4.3684
98  381.833  4.29404
99  386.785  4.34749
100  372.906  4.32633
101  359.083  4.37527
102  374.117  4.32211
103  359.624  4.29702
104  365.523  4.30076
105  363.518  4.36387
106  368.872  4.33764
107  371.825  4.32669
108  392.085  4.31909
109  357.119  4.36265
110  390.748  4.33335
111  370.902  4.32172
112  366.312  4.32878
113  349.955  4.34188
114  323.445  4.25282
115  340.435  4.29418
116  336.777  4.32981
117  341.016  4.39315
118  315.218  4.31003
119  335.647  4.34875
120  317.631  4.32274
121  327.072  4.37024
122  313.707  4.36984
123  336.13  4.32872
124  276.724  4.33253
125  309.194  4.35694
126  319.131  4.39452
127  294.922  4.39706
128  277.031  4.43316
129  362.594  2.39963
130  292.071  5.0609
131  316.105  4.19929
132  334.781  4.29081
133  347.169  4.26238
134  326.297  4.18922
135  296.996  4.25618
136  342.478  4.16097
137  278.401  4.21542
138  299.399  4.22702
139  363.254  4.17783
140  343.655  4.267
141  317.254  4.19398
142  304.013  4.24365
143  343.274  4.19604
144  309.878  4.16894
145  337.654  4.21495
146  355.618  4.2047
147  331.249  4.18795
148  361.984  4.23241
149  344.686  4.18134
150  359.034  4.21538
151  356.056  4.2077
152  327.934  4.17434
153  341.294  4.13587
154  293.381  4.30195
155  373.513  4.20608
156  365.738  4.15881
157  358.148  4.1941
158  325.359  4.20134
159  358.421  4.15575
160  319.653  4.13486
161  332.608  4.16858
162  371.536  4.25947
163  358.948  4.18341
164  343.225  4.21169
165  383.152  4.22886
166  369.311  4.28318
167  336.466  4.23659
168  338.906  4.24577
169  361.415  4.20781
170  368.344  4.21042
171  371.895  4.19486
172  348.048  4.1562
173  386.228  4.19595
174  384.213  4.18548
175  377.555  4.21063
176  380.278  4.2237
177  354.639  4.19784
178  354.055  4.13011
179  409.067  4.20989
180  385.691  4.24003
181  391.771  4.22891
182  400.912  4.20157
183  372.601  4.1759
184  343.945  4.17561
185  353.659  4.07385
186  370.078  4.16161
187  364.052  4.29797
188  380.035  4.17506
189  365.601  4.22581
190  342.379  4.09848
191  335.939  4.15418
192  334.568  4.18293
193  350.507  2.32942
194  289.494  3.44072
195  316.844  3.42858
196  326.85  3.39077
197  286.631  3.46941
198  303.761  3.44113
199  358.829  3.44349
200  288.29  3.41252
201  315.573  3.32181
202  329.873  3.47065
203  306.213  3.4735
204  314.287  3.34786
205  298.112  3.45877
206  340.363  3.3481
207  331.27  3.39064
208  318.817  3.46237
209  311.924  3.46281
210  321.35  3.42751
211  294.351  3.4353
212  346.931  3.37476
213  317.483  3.51237
214  343.016  3.49569
215  348.616  3.46587
216  345.12  3.42871
217  337.65  3.40477
218  358.613  3.41779
219  314.185  3.42018
220  419.629  3.45396
221  357.567  3.44975
222  347.348  3.46537
223  386.978  3.47641
224  381.537  3.51302
225  378.091  3.46295
226  367.655  3.49974
227  371.485  3.39535
228  351.454  3.37786
229  357.816  3.46029
230  396.646  3.38846
231  414.283  3.45066
232  421.267  3.44951
233  355.097  3.45902
234  395.439  3.45365
235  361.214  3.54558
236  388.143  3.46322
237  372.418  3.47176
238  363.175  3.54492
239  322.979  3.39837
240  337.049  3.47213
241  372.041  3.53458
242  309.056  3.52547
243  338.627  3.52257
244  338.89  3.5312
245  336.16  3.48911
246  373.51  3.49158
247  322.429  3.5229
248  350.808  3.47766
249  345.753  3.50007
250  343.399  3.51794
251  331.631  3.58777
252  336.052  3.54754
253  310.726  3.57274
254  340.481  3.43969
255  330.836  3.62041
256  301.051  3.50123
257  340.653  2.40322
258  334.839  3.52828
259  344.891  3.39386
260  342.833  3.37512
261  327.768  3.35399
262  321.615  3.34134
263  338.529  3.42737
264  347.518  3.45529
265  361.94  3.35764
266  341.276  3.39943
267  347.788  3.43223
268  333.623  3.36162
269  324.847  3.38966
270  351.678  3.34157
271  371.003  3.42737
272  319.962  3.33776
273  370.219  3.37008
274  361.026  3.44678
275  326.556  3.38016
276  344.779  3.40996
277  357.288  3.34057
278  387.73  3.35239
279  317.628  3.36065
280  286.478  3.43023
281  307.887  3.45334
282  289.221  3.42013
283  293.977  3.3905
284  288.699  3.43025
285  324.614  3.3827
286  254.69  3.51401
287  298.148  3.51726
288  305.819  3.48028
289  294.166  3.47487
290  284.809  3.47637
291  266.735  3.47577
292  297.591  3.53157
293  296.6  3.41217
294  282.259  3.47126
295  300.781  3.37919
296  312.7  3.5263
297  313.219  3.4338
298  291.702  3.45419
299  314.498  3.4703
300  336.406  3.43379
301  324.313  3.3993
302  275.21  3.34202
303  327.609  3.45773
304  323.347  3.42587
305  332.66  3.45562
306  358.359  3.41221
307  345.447  3.40165
308  374.133  3.52337
309  330.718  3.39377
310  360.591  3.4209
311  296.409  3.4141
312  342.974  3.45814
313  335.665  3.44203
314  296.14  3.44339
315  307.817  3.45124
316  326.087  3.49101
317  307.845  3.4606
318  316.33  3.41717
319  339.255  3.4907
320  278.236  3.55221
321  208.282  2.09897
322  237.379  8.47863
323  251.76  4.67114
324  198.671  4.70291
325  203.143  4.66498
326  208.625  4.70721
327  239.474  4.60739
328  239.007  4.68977
329  222.166  4.72606
330  230.182  4.62803
331  207.648  4.75031
332  232.879  4.58184
333  244.561  4.64527
334  250.717  4.63556
335  241.798  4.61354
336  268.451  4.65812
337  265.959  4.65609
338  262.262  4.61094
339  248.279  4.60412
340  290.044  4.55526
341  267.342  4.61391
342  260.153  4.57661
343  266.634  4.72915
344  257.837  4.78048
345  265.446  4.53531
346  278.989  4.58981
347  281.344  4.67446
348  304.094  4.61287
349  274.198  4.63929
350  306.358  4.61001
351  283.379  4.56509
352  284.184  4.6499
353  268.119  4.67376
354  253.685  4.66683
355  240.548  4.71587
356  250.809  4.5579
357  238.562  4.69002
358  251.371  4.64784
359  262.351  4.72169
360  280.683  4.59208
361  248.648  4.62467
362  261.837  4.61936
363  261.725  4.56299
364  274.43  4.60452
365  234.163  4.67628
366  278.873  4.62948
367  251.661  4.61505
368  253.469  4.69984
369  241.126  4.62378
370  253.753  4.67178
371  286.355  4.57743
372  246.675  4.70851
373  237.162  4.72556
374  256.873  4.70819
375  259.609  4.64044
376  252.167  4.76223
377  218.817  4.74546
378  225.751  4.6664
379  200.085  4.73473
380  198.65  4.74954
381  204.012  4.71247
382  171.693  4.72802
383  186.808  4.81258
384  169.495  4.79632
385  304.747  2.31642
386  329.416  5.9905
387  292.609  4.70844
388  329.443  4.56466
389  315.45  4.56882
390  302.605  4.64112
391  313.991  4.54786
392  340.425  4.60066
393  334.521  4.58347
394  282.538  4.48974
395  263.447  4.66374
396  319.954  4.55478
397  314.215  4.57125
398  345.717  4.62998
399  322.681  4.51615
400  305.207  4.58836
401  302.303  4.61494
402  283.191  4.63435
403  326.057  4.46925
404  355.879  4.57546
405  341.474  4.59222
406  309.599  4.57692
407  387.515  4.57022
408  334.813  4.57456
409  330.384  4.51484
410  343.551  4.50171
411  368.597  4.59394
412  342.041  4.59518
413  351.363  4.54432
414  375.881  4.55424
415  378.984  4.50876
416  421.094  4.48532
417  384.118  4.53669
418  357.836  4.5437
419  348.824  4.52017
420  343.679  4.58065
421  363.87  4.60294
422  329.716  4.56801
423  363.347  4.49276
424  393.166  4.52743
425  331.915  4.56788
426  338.225  4.49735
427  346.235  4.69708
428  334.073  4.66693
429  325.944  4.49832
430  338.57  4.50345
431  333.957  4.61823
432  332.348  4.55457
433  340.489  4.51353
434  321.432  4.61768
435  308.421  4.50854
436  317.426  4.68876
437  340.322  4.59308
438  293.746  4.64225
439  298.091  4.60142
440  293.051  4.64096
441  302.33  4.66809
442  292.762  4.64194
443  287.733  4.61748
444  306.255  4.64941
445  336.236  4.6196
446  325.311  4.66201
447  287.825  4.61973
448  329.042  4.6952
449  416.64  2.07357
450  410.277  4.35768
451  432.374  4.8358
452  384.285  4.74646
453  394.164  4.91428
454  405.481  4.82841
455  425.727  4.93475
456  390.624  4.82661
457  397.424  4.82714
458  421.978  4.86369
459  414.617  4.84187
460  404.679  4.84044
461  402.962  4.77224
462  417.596  4.80537
463  428.347  4.88863
464  416.843  4.84827
465  430.641  4.77889
466  413.289  4.79889
467  453.21  4.79862
468  461.363  4.77586
469  469.299  4.77611
470  432.099  4.89311
471  433.367  4.80227
472  449.02  4.82218
473  419.83  4.79076
474  435.349  4.83948
475  413.679  4.90215
476  420.471  4.69847
477  417.827  4.77751
478  422.641  4.92498
479  409.735  4.8152
480  444.934  4.85895
481  423.87  4.8516
482  439.328  4.82894
483  414.373  4.7869
484  446.114  4.72951
485  412.505  5.01774
486  438.829  4.73764
487  415.159  4.84288
488  396.735  4.89411
489  425.607  4.70367
490  476.85  4.83185
491  454.912  4.75069
492  458.958  4.78547
493  408.875  4.9064
494  483.346  4.87786
495  494.265  4.75749
496  461.611  4.84465
497  440.518  4.81701
498  497.115  4.67434
499  480.499  4.72793
500  491.588  4.71106
501  484.545  4.81931
502  477.691  4.85817
503  489.551  4.80297
504  457.516  4.84172
505  470.289  4.76085
506  463.552  4.7504
507  486.089  4.85879
508  505.21  4.75756
509  487.37  4.73944
510  486.972  4.73491
511  466.518  4.76733
512  489.114  4.68426
513  317.657  2.02264
514  268.662  5.32996
515  241.382  4.23947
516  254.457  4.18092
517  289.708  4.25285
518  325.641  4.21316
519  285.156  4.19239
520  284.943  4.23588
521  289.252  4.25378
522  288.272  4.36715
523  298.202  4.28451
524  295.888  4.35546
525  278.947  4.29629
526  300.57  4.17087
527  262.491  4.24557
528  290.72  4.36429
529  305.83  4.18698
530  299.427  4.20299
531  325.591  4.19317
532  310.642  4.24759
533  336.298  4.3061
534  313.516  4.1599
535  312.521  4.30177
536  342.431  4.22273
537  282.773  4.2368
538  308.494  4.21629
539  324.622  4.24445
540  319.819  4.34782
541  312.185  4.2129
542  333.116  4.25955
543  279.054  4.25881
544  303.749  4.18099
545  319.306  4.25801
546  296.308  4.2212
547  327.835  4.30723
548  364.397  4.30789
549  299.933  4.12119
550  285.599  4.27555
551  292.21  4.31506
552  301.138  4.27911
553  269.572  4.1933
554  228.166  4.32895
555  248.559  4.25497
556  256.486  4.3791
557  257.069  4.30653
558  289.837  4.23921
559  300.568  4.15357
560  271.924  4.39109
561  278.465  4.3388
562  298.25  4.31993
563  283.376  4.16591
564  272.945  4.38259
565  301.986  4.34248
566  241.469  4.32131
567  305.855  4.31119
568  321.195  4.33571
569  311.307  4.34018
570  311.622  4.09752
571  290.559  4.40172
572  300.436  4.31209
573  310.951  4.35482
574  314.462  4.37314
575  289.335  4.35011
576  303.375  4.3984
577  260.169  2.20384
578  245.539  4.76011
579  248.615  4.24203
580  255.053  4.26371
581  282.925  4.16522
582  236.416  4.36116
583  290.077  4.29432
584  277.327  4.35721
585  294.535  4.30614
586  259.043  4.37413
587  303.862  4.29077
588  254.467  4.40639
589  216.012  4.2459
590  242.185  4.2187
591  252.296  4.24208
592  233.213  4.22152
593  245.112  4.199
594  238.57  4.28992
595  263.354  4.1286
596  258.522  4.13981
597  250.796  4.28316
598  241.531  4.15017
599  259.641  4.19714
600  265.12  4.26471
601  233.968  4.17506
602  263.176  4.30213
603  251.876  4.37806
604  270.771  4.35139
605  251.032  4.35818
606  249.472  4.2729
607  242.905  4.23226
608  264.66  4.15116
609  244.557  4.27454
610  246.497  4.28074
611  266.026  4.31155
612  256.82  4.34982
613  312.283  4.12307
614  280.665  4.26624
615  267.388  4.31953
616  289.005  4.30312
617  281.998  4.34125
618  273.789  4.23948
619  314.248  4.37488
620  318.705  4.31987
621  299.968  4.27934
622  337.639  4.23496
623  290.716  4.28734
624  258.145  4.46382
625  299.717  4.43912
626  255.232  4.4032
627  285.316  4.40292
628  302.218  4.31597
629  280.362  4.2441
630  275.683  4.25096
631  268.433  4.28481
632  267.976  4.52827
633  261.64  4.37924
634  242.081  4.32836
635  286.456  4.51172
636  268.835  4.53413
637  272.06  4.38769
638  261.241  4.40355
639  258.019  4.64446
640  253.801  4.53707
11
1  331.933  1.93028
2  246.465  3.24392
3  226.79  3.1823
4  293.286  3.22284
5  278.92  3.21449
6  292.378  3.17693
7  318.826  3.18317
8  319.308  3.12857
9  304.006  3.18826
10  328.411  3.20404
11  321.105  3.20571
12  353.504  3.18439
13  356.045  3.12178
14  329.456  3.15819
15  353.952  3.20139
16  341.363  3.16663
17  346.912  3.17886
18  357.563  3.19199
19  349.108  3.19414
20  388.099  3.14646
21  372.308  3.20034
22  345.464  3.19088
23  362.913  3.18468
24  362.983  3.16005
25  360.938  3.18716
26  322.501  3.27564
27  372.144  3.18363
28  358.303  3.24013
29  371.691  3.22949
30  341.485  3.89561
31  362.887  4.58352
32  373.633  4.51353
33  398.278  4.02022
34  369.174  3.23322
35  383.656  3.14699
36  384.31  3.19166
37  385.639  3.27251
38  347.819  3.22335
39  355.824  3.2232
40  390.288  3.19901
41  352.078  3.1724
42  375.354  3.30599
43  388.801  3.19689
44  344.909  3.25987
45  355.828  3.31735
46  364.324  3.20027
47  330.231  3.20347
48  351.078  3.20464
49  351.671  3.16198
50  332.872  3.2572
51  345.288  3.22399
52  347.612  3.17827
53  377.39  3.23281
54  355.622  3.25429
55  331.189  3.18062
56  331.217  3.25713
57  307.92  3.15376
58  365.546  3.13731
59  340.074  3.27208
60  333.623  3.2771
61  355.957  3.22162
62  353.921  3.24904
63  337.53  3.26181
64  325.25  3.24745
65  317.656  2.38298
66  264.234  4.89447
67  293.401  3.67313
68  280.989  3.9132
69  307.846  3.90002
70  281.208  3.79017
71  309.86  3.86225
72  275.741  3.81092
73  249.981  3.86564
74  279.148  3.855
75  318.848  3.82255
76  298.478  3.77346
77  323.235  3.83958
78  302.854  3.82997
79  320.88  3.86976
80  292.194  3.86708
81  289.872  3.85833
82  312.183  3.85553
83  298.395  3.81159
84  287.255  3.81841
85  293.105  3.81497
86  284.214  3.77582
87  330.217  3.76626
88  297.494  3.85953
89  345.535  3.7893
90  337.178  3.84947
91  322.802  3.78766
92  352.557  3.79886
93  340.179  3.85154
94  352.448  3.81619
95  334.867  3.82296
96  321.476  3.84229
97  298.151  3.79281
98  305.186  3.83131
99  269.587  3.84966
100  291.665  3.79876
101  302.32  3.82737
102  266.204  3.81056
103  323.621  3.7977
104  296.303  3.86399
105  272.268  3.86283
106  300.362  3.78126
107  317.566  3.8236
108  286.376  3.83393
109  312.271  3.80251
110  295.964  3.76593
111  309.766  3.8339
112  298.406  3.778
113  326.077  3.78843
114  298.611  3.84971
115  317.261  3.75289
116  298.074  3.80141
117  310.781  3.79593
118  308.154  3.78352
119  343.14  3.83108
120  296.978  3.80435
121  351.201  3.82323
122  283.031  3.84681
123  342.557  3.83827
124  315.202  3.81498
125  306.409  3.85169
126  337.812  3.78738
127  337.957  3.83368
128  277.418  3.84253
129  318.663  2.02195
130  282.016  3.35274
131  308.591  3.27423
132  302.155  3.25992
133  303.6  3.30953
134  333.589  3.27718
135  316.662  3.23668
136  353.262  3.20502
137  296.001  3.23796
138  281.711  3.22903
139  289.552  3.21301
140  335.096  3.30282
141  286.93  3.17192
142  364.388  3.23239
143  303.446  3.27926
144  281.041  3.23323
145  286.824  3.25793
146  280.765  3.23079
147  357.386  3.21609
148  307.229  3.24825
149  298.494  3.3162
150  320.656  3.23728
151  320.806  3.29377
152  248.439  3.30545
153  329.102  3.2584
154  293.233  3.2203
155  294.729  3.25963
156  309.808  3.23013
157  297.963  3.25541
158  298.828  3.27877
159  265.4  3.30937
160  287.996  3.252
161  291.841  3.24951
162  287.809  3.28869
163  260.437  3.25907
164  282.33  3.22609
165  261.669  3.30037
166  283.322  3.2831
167  285.802  3.248
168  271.028  3.30513
169  272.789  3.29626
170  263.333  3.25835
171  263.062  3.2179
172  290.653  3.2751
173  259.358  3.29072
174  294.37  3.19357
175  326.594  3.19506
176  288.452  3.23212
177  273.408  3.26703
178  264.403  3.33585
179  311.623  3.26445
180  269.739  3.237
181  280.23  3.29909
182  286.099  3.30582
183  284.946  3.22154
184  276.339  3.25552
185  270.389  3.33061
186  229.323  3.2897
187  257.081  3.32336
188  256.38  3.31363
189  236.538  3.3376
190  261.601  3.33576
191  237.214  3.32769
192  235.56  3.2925
193  304.132  2.00152
194  290.921  3.35285
195  291.534  3.29818
196  299.161  3.31654
197  345.749  3.26854
198  301.954  3.33781
199  317.686  3.3047
200  284.937  3.28745
201  292.298  3.33849
202  316.228  3.3698
203  341.667  3.3299
204  291.395  3.33644
205  323.512  3.27144
206  300.915  3.30048
207  282.529  3.23991
208  315.881  3.30423
209  289.791  3.32993
210  248.588  3.27589
211  321.292  3.26805
212  295.626  3.25335
213  314.727  3.3699
214  262.804  3.25429
215  288.39  3.28126
216  322.582  3.33845
217  250.518  3.3089
218  259.953  3.36974
219  283.07  3.32828
220  319.017  3.29585
221  295.237  3.2991
222  283.589  3.35355
223  257.07  3.3014
224  278.775  3.3253
225  301.59  3.32084
226  322.537  3.26882
227  292.971  3.23547
228  291.584  3.29144
229  309.573  3.38508
230  376.609  3.28388
231  328.736  3.29819
232  323.264  3.25834
233  332.789  3.35895
234  300.018  3.34724
235  373.025  3.30492
236  320.666  3.26337
237  317.154  3.29013
238  304.968  3.31599
239  356.877  3.33901
240  314.755  3.36497
241  304.452  3.30856
242  307.338  3.34705
243  332.764  3.25081
244  311.382  3.33538
245  281.102  3.35884
246  291.199  3.33098
247  309.449  3.39153
248  311.425  3.33959
249  271.327  3.40301
250  287.31  3.35802
251  289.133  3.32316
252  228.678  3.31866
253  276.441  3.29283
254  247.753  3.38744
255  250.677  3.3579
256  258.278  3.35799
257  384.584  2.06227
258  292.709  3.41035
259  320.167  3.3214
260  283.303  3.35869
261  305.216  3.3857
262  332.124  3.37699
263  285.257  3.36419
264  309.022  3.39716
265  275.621  3.36961
266  285.567  3.37763
267  283.083  3.3655
268  277.044  3.36317
269  311.88  3.36142
270  320.693  3.30996
271  297.546  3.33078
272  287.858  3.34383
273  258.436  3.40883
274  313.886  3.44305
275  308.378  3.38244
276  327.198  3.33432
277  335.868  3.4086
278  326.783  3.34073
279  340.393  3.36791
280  334.535  3.44063
281  336.529  3.35647
282  321.879  3.33396
283  367.721  3.38908
284  378.668  3.29504
285  345.12  3.39665
286  346.874  3.40504
287  349.4  3.38957
288  362.383  3.32791
289  342.589  3.38906
290  334.989  3.36496
291  364.576  3.34566
292  357.49  3.2775
293  359.371  3.44112
294  323.683  3.36477
295  371.703  3.39757
296  359.222  3.35725
297  329.991  3.35833
298  349.584  3.40986
299  319.782  3.37605
300  373.862  3.30591
301  372.923  3.35196
302  355.309  3.34482
303  368.065  3.37057
304  350.842  3.29993
305  368.101  3.38082
306  361.269  3.32576
307  423.26  3.38561
308  379.062  3.27774
309  337.09  3.39778
310  380.496  3.38821
311  383.116  3.43218
312  382.569  3.40631
313  377.955  3.21405
314  376.974  3.34144
315  394.368  3.33724
316  402.701  3.32367
317  422.01  3.32803
318  408.054  3.34741
319  401.029  3.35864
320  378.866  3.43437
321  375.352  2.04179
322  364.23  3.33066
323  400.314  3.24242
324  426.035  3.18585
325  390.376  3.28826
326  386.876  3.24694
327  393.112  3.26261
328  399.536  3.26159
329  385.314  3.23361
330  420.664  3.23731
331  415.853  3.2494
332  433.321  3.17338
333  392.019  3.22203
334  373.877  3.26092
335  391.021  3.24107
336  407.184  3.20466
337  431.731  3.20837
338  382.403  3.21714
339  389.133  3.17211
340  443.71  3.15516
341  380.195  3.23384
342  399.652  3.20736
343  423.609  3.19494
344  394.602  3.15503
345  382.671  3.27308
346  399.98  3.20077
347  372.408  3.22022
348  377.841  3.25121
349  394.049  3.15571
350  458.019  3.15252
351  406.954  3.231
352  396.72  3.15644
353  409.103  3.19606
354  384.852  3.22412
355  386.89  3.1949
356  420.071  3.15923
357  423.091  3.21849
358  400.846  3.20851
359  384.568  3.22538
360  381.613  3.26345
361  380.939  3.19644
362  383.054  3.23023
363  357.715  3.17629
364  410.905  3.16607
365  382.259  3.29286
366  379.764  3.19765
367  367.225  3.24325
368  407.45  3.18656
369  384.311  3.24209
370  373.07  3.1963
371  355.556  3.16001
372  398.631  3.22525
373  380.265  3.20159
374  422.343  3.20415
375  380.456  3.15383
376  392.391  3.21463
377  367.576  3.19268
378  378.402  3.23502
379  409.392  3.27535
380  401.553  3.20743
381  416.672  3.22139
382  400.033  3.24262
383  411.581  3.23152
384  374.285  3.20938
385  297.004  2.22213
386  258.568  5.19138
387  254.089  3.81306
388  259.89  4.11599
389  258.456  4.1594
390  259.861  3.93702
391  256.604  4.10108
392  290.356  3.99674
393  237.787  4.0273
394  254.786  4.02366
395  234.825  4.02577
396  268.437  3.98609
397  267.583  3.96784
398  274.311  3.98478
399  225.205  3.9755
400  231.195  3.9893
401  251.216  3.97756
402  241.993  3.98617
403  264.992  3.96934
404  291.853  3.95649
405  295.106  4.00632
406  311.538  4.02096
407  307.304  4.00901
408  297.947  3.9973
409  279.453  4.01249
410  268.313  3.99946
411  296.602  3.95102
412  304.071  3.95534
413  294.706  3.95351
414  302.877  4.02508
415  294.403  3.94313
416  282.964  3.95605
417  274.012  4.08139
418  292.239  3.98703
419  294.679  3.96334
420  236.741  4.008
421  285.589  4.01021
422  252.711  4.02992
423  283.335  3.99431
424  275.753  3.98459
425  262.46  4.01148
426  267.885  4.01562
427  278.778  4.017
428  288.075  3.95915
429  282.25  4.01164
430  314.353  4.02321
431  280.483  3.99341
432  272.991  4.02752
433  291.84  4.00294
434  271.329  4.06638
435  262.153  4.08367
436  292.901  4.0242
437  296.448  4.05313
438  305.511  4.06198
439  276.099  4.04759
440  303.754  4.11478
441  275.719  4.09117
442  259.591  4.07686
443  280.924  4.03224
444  298.183  4.08131
445  303.291  4.05822
446  300.604  4.06635
447  290.166  4.03566
448  298.183  4.06919
449  343.767  2.03735
450  307.609  3.03581
451  319.471  2.91355
452  309.468  2.879
453  336.114  2.89334
454  356.788  2.84863
455  329.551  2.86852
456  344.35  2.81877
457  310.687  2.9376
458  357.284  2.83251
459  351.374  2.83258
460  367.39  2.8669
461  353.001  2.84807
462  369.412  2.85434
463  332.847  2.85725
464  397.089  2.85315
465  337.56  2.85481
466  365.579  2.85576
467  363.081  2.80279
468  345.611  2.85881
469  352.338  2.89503
470  395.965  2.88919
471  353.915  2.9589
472  347.648  2.86098
473  395.565  2.88455
474  341.969  2.91826
475  343.416  2.9251
476  319.733  2.88331
477  313.3  2.89197
478  328.989  2.90642
479  343.938  2.91408
480  326.909  2.90982
481  318.582  2.99611
482  300.382  2.96595
483  313.082  2.96117
484  338.981  2.95091
485  326.969  2.95388
486  328.002  2.94682
487  329.971  2.96109
488  289.273  2.95262
489  320.444  2.97576
490  309.033  3.0027
491  334.004  2.90336
492  349.092  2.99432
493  314.38  2.94587
494  322.903  2.8908
495  345.467  2.98628
496  351.095  2.90284
497  283.944  2.96287
498  301.219  2.97152
499  293.868  2.88033
500  340.018  2.86283
501  308.177  2.98331
502  329.564  2.91204
503  298.022  3.01918
504  308.701  2.81348
505  325.055  2.94307
506  371.599  2.91788
507  341.013  2.93532
508  335.316  2.98111
509  301.54  2.92722
510  323.815  2.94397
511  352.609  2.97134
512  356.496  2.95177
513  308.376  2.0543
514  279.837  3.36893
515  281.554  3.22924
516  247.098  3.21506
517  282.472  3.26724
518  303.531  3.31767
519  269.506  3.3018
520  290.478  3.25433
521  315.856  3.21457
522  278.878  3.31948
523  331.093  3.13649
524  312.038  3.27687
525  350.278  3.22321
526  335.033  3.23766
527  318.749  3.27959
528  348.843  3.26908
529  356.555  3.20056
530  343.925  3.2245
531  354.915  3.15896
532  367.421  3.23662
533  355.018  3.15742
534  381.66  3.1993
535  352.355  3.18635
536  334.13  3.22645
537  366.383  3.13478
538  350.334  3.08666
539  351.949  3.188
540  330.011  3.10573
541  367.414  3.15863
542  340.833  3.17109
543  356.995  3.19285
544  349.081  3.15375
545  341.206  3.17967
546  316.452  3.19115
547  330.9  3.13266
548  372.486  3.25905
549  319.627  3.15139
550  339.671  3.25022
551  325.461  3.15446
552  305.369  3.16584
553  306.762  3.22382
554  293.85  3.20068
555  335.999  3.21145
556  294.92  3.20739
557  320.843  3.137
558  336.421  3.20826
559  326.814  3.18704
560  298.354  3.16758
561  306.348  3.17752
562  301.373  3.18654
563  342.744  3.1887
564  307.729  3.17149
565  286.246  3.18001
566  305.298  3.10141
567  308.023  3.13877
568  313.77  3.14435
569  283.438  3.21693
570  328.81  3.08858
571  340.296  3.21148
572  320.697  3.20402
573  337.561  3.17122
574  346.403  3.12844
575  324.058  3.22597
576  335.736  3.19203
577  299.269  2.0123
578  216.688  3.27596
579  230.637  3.24154
580  266.952  3.24139
581  241.255  3.3327
582  257.339  3.29681
583  245.244  3.26342
584  266.272  3.16768
585  261.578  3.35521
586  261.999  3.29523
587  264.715  3.22663
588  238.737  3.31346
589  284.562  3.26887
590  275.709  3.24172
591  261.516  3.27158
592  271.532  3.2321
593  273.677  3.30352
594  257.308  3.20742
595  262.886  3.22465
596  267.234  3.2404
597  310.894  3.22726
598  284.148  3.25428
599  290.866  3.16847
600  288.883  3.2883
601  237.206  3.27377
602  240.019  3.20447
603  237.613  3.28282
604  298.222  3.20199
605  257.021  3.24698
606  230.26  3.28174
607  249.268  3.27525
608  244.166  3.31021
609  231.88  3.27678
610  259.563  3.30875
611  268.269  3.19519
612  241.396  3.27355
613  279.581  3.2269
614  213.85  3.27968
615  263.117  3.18621
616  262.957  3.28568
617  244.826  3.21449
618  239.376  3.26528
619  278.925  3.24403
620  264.131  3.19878
621  274.339  3.3124
622  280.512  3.24863
623  314.069  3.22308
624  267.797  3.24793
625  285.259  3.19542
626  326.931  3.17015
627  261.955  3.26005
628  283.421  3.2939
629  269.039  3.24291
630  287.695  3.26061
631  265.317  3.28297
632  287.29  3.25926
633  307.571  3.27499
634  297.163  3.22964
635  299.125  3.21291
636  324.882  3.19967
637  332.852  3.31663
638  303.757  3.29928
639  291.685  3.28942
640  277.882  3.32258
